supplier_obj_id,value,z_score,outlier,p_value,norm_value,per_inh
SPE00100002,1.01705,0.325508,0,0.7448,1.01705,0
SPE00100016,1.013,0.228337,0,0.816818,1.013,0
SPE00100058,0.995504,-0.0967205,0,0.894282,0.995504,0
SPE00100094,0.929423,-1.38365,0,0.21024,0.929423,0
SPE00100126,1.01791,0.354395,0,0.726256,1.01791,0
SPE00100194,0.990804,-0.129334,0,0.578614,0.990804,0
SPE00100271,0.207546,-15.2251,0,6.16571e-44,0.207546,0
SPE00100305,1.05475,1.07465,0,0.314962,1.05475,0
SPE00100003,0.962664,-0.722063,0,0.473564,0.962664,0
SPE00100024,1.00052,-0.0154161,0,0.757596,1.00052,0
SPE00100060,0.996949,-0.0687816,0,0.897642,0.996949,0
SPE00100096,1.00859,0.153303,0,0.87915,1.00859,0
SPE00100129,1.00272,0.0626166,0,0.896376,1.00272,0
SPE00100195,0.988896,-0.201003,0,0.842034,0.988896,0
SPE00100279,0.483288,-9.92084,0,4.26194e-20,0.483288,0
SPE00100310,1.02848,0.568792,0,0.588046,1.02848,0
SPE00100005,0.78263,-4.18024,0,8.85646e-05,0.78263,0
SPE00100031,1.0205,0.388186,0,0.698046,1.0205,0
SPE00100066,0.994927,-0.107248,0,0.8989,0.994927,0
SPE00100098,0.860917,-2.69255,0,0.0145103,0.860917,0
SPE00100139,1.02093,0.433327,0,0.69084,1.02093,0
SPE00100201,1.00402,0.0822802,0,0.934576,1.00402,0
SPE00100280,0.855499,-2.7446,0,0.00652294,0.855499,0
SPE00100315,1.05781,1.15588,0,0.34209,1.05781,0
SPE00100006,0.993611,-0.14237,0,0.804732,0.993611,0
SPE00100034,1.00235,0.0378845,0,0.933668,1.00235,0
SPE00100068,1.00587,0.103036,0,0.914524,1.00587,0
SPE00100099,0.974003,-0.494215,0,0.621216,0.974003,0
SPE00100140,0.971889,-0.535643,0,0.59221,0.971889,0
SPE00100205,0.9934,-0.111228,0,0.859552,0.9934,0
SPE00100287,0.138944,-16.5297,0,0,0.138944,0
SPE00100318,1.11467,2.24712,0,0.0665558,1.11467,0
SPE00100008,1.01939,0.378519,0,0.706618,1.01939,0
SPE00100047,0.982214,-0.33885,0,0.734724,0.982214,0
SPE00100069,1.0061,0.110886,0,0.911892,1.0061,0
SPE00100101,0.796088,-3.9023,0,0.000116983,0.796088,0
SPE00100146,0.839003,-3.08216,0,0.00227984,0.839003,0
SPE00100218,0.982681,-0.319675,0,0.751228,0.982681,0
SPE00100290,1.0464,0.918168,0,0.397004,1.0464,0
SPE00100325,0.0654933,-17.9415,0,0,0.0654933,0
SPE00100009,0.578369,-8.09456,0,5.08372e-14,0.578369,0
SPE00100048,1.0134,0.218029,0,0.654958,1.0134,0
SPE00100076,0.998227,-0.0304195,0,0.967136,0.998227,0
SPE00100102,0.968604,-0.607465,0,0.545808,0.968604,0
SPE00100156,0.991616,-0.156543,0,0.875706,0.991616,0
SPE00100222,1.01919,0.383426,0,0.707754,1.01919,0
SPE00100296,1.02762,0.549555,0,0.597034,1.02762,0
SPE00100530,1.07767,1.52325,0,0.17687,1.07767,0
SPE00100049,1.00478,0.087928,0,0.929988,1.00478,0
SPE00100081,0.981192,-0.349037,0,0.728856,0.981192,0
SPE00100103,0.949135,-0.966705,0,0.334084,0.949135,0
SPE00100158,0.990846,-0.17293,0,0.862734,0.990846,0
SPE00100223,0.992469,-0.166062,0,0.787586,0.992469,0
SPE00100298,1.01052,0.203466,0,0.838866,1.01052,0
SPE00100531,1.08382,1.62892,0,0.126999,1.08382,0
SPE00240645,0.843232,-3.01458,0,0.0038069,0.843232,0
SPE00100012,1.01919,0.371395,0,0.710936,1.01919,0
SPE00100050,1.00205,0.0694906,0,0.711522,1.00205,0
SPE00100088,1.01554,0.288103,0,0.77437,1.01554,0
SPE00100105,1.00321,0.058027,0,0.953762,1.00321,0
SPE00100162,1.00908,0.17997,0,0.85767,1.00908,0
SPE00100242,0.941735,-1.12407,0,0.266866,0.941735,0
SPE00100301,0.0855185,-17.5629,0,0,0.0855185,0
SPE00100359,1.1008,1.94468,0,0.0605788,1.1008,0
SPE00100013,0.987856,-0.186238,0,0.58756,0.987856,0
SPE00100054,1.00201,0.033097,0,0.949274,1.00201,0
SPE00100090,0.94133,-1.10436,0,0.276852,0.94133,0
SPE00100114,1.01764,0.32661,0,0.745744,1.01764,0
SPE00100173,0.992595,-0.129656,0,0.889042,0.992595,0
SPE00100254,0.960655,-0.763633,0,0.451032,0.960655,0
SPE00100303,0.997231,-0.0665051,0,0.867862,0.997231,0
SPE00100360,1.06292,1.21222,0,0.23059,1.06292,0
SPE00100014,1.0011,0.0345704,0,0.868748,1.0011,0
SPE00100056,0.978129,-0.467768,0,0.579882,0.978129,0
SPE00100093,0.76335,-4.5594,0,3.25368e-05,0.76335,0
SPE00100117,0.985341,-0.255093,0,0.77336,0.985341,0
SPE00100190,1.0096,0.168083,0,0.857482,1.0096,0
SPE00100267,1.01365,0.250244,0,0.80384,1.01365,0
SPE00100304,0.983829,-0.293037,0,0.77337,0.983829,0
SPE00100368,1.02704,0.536666,0,0.60349,1.02704,0
SPE00100375,1.05574,1.04517,0,0.30727,1.05574,0
SPE00100528,0.913645,-1.65872,0,0.100674,0.913645,0
SPE00100537,0.0986529,-17.3118,0,0,0.0986529,0
SPE00100568,1.0347,0.641851,0,0.532968,1.0347,0
SPE00100609,0.869546,-2.49637,0,0.0130288,0.869546,0
SPE00102018,0.936366,-1.18474,0,0.264376,0.936366,0
SPE00200004,1.13386,2.58666,0,0.0161744,1.13386,0
SPE01500420,1.03595,0.736769,0,0.54141,1.03595,0
SPE00100378,1.03828,0.723262,0,0.47099,1.03828,0
SPE00100455,1.03139,0.594612,0,0.552562,1.03139,0
SPE00100540,0.0750064,-17.7607,0,0,0.0750064,0
SPE00100572,1.02202,0.403188,0,0.692872,1.02202,0
SPE00100612,0.419815,-11.1324,0,3.37596e-25,0.419815,0
SPE00100682,1.06978,1.37361,0,0.225964,1.06978,0
SPE00102076,0.416181,-11.1925,0,5.55642e-26,0.416181,0
SPE00201606,0.856802,-2.72675,0,0.00646156,0.856802,0
SPE00100423,0.915055,-1.64222,0,0.113041,0.915055,0
SPE00100458,1.03006,0.546537,0,0.60414,1.03006,0
SPE00100541,0.87946,-2.3305,0,0.029237,0.87946,0
SPE00100576,1.03844,0.729591,0,0.466026,1.03844,0
SPE00100615,0.987386,-0.207587,0,0.694582,0.987386,0
SPE00100686,1.06545,1.25766,0,0.211508,1.06545,0
SPE00102058,1.04949,0.984123,0,0.38123,1.04949,0
SPE00200010,0.695781,-5.80022,0,6.65372e-09,0.695781,0
SPE00100424,1.0573,1.09161,0,0.275046,1.0573,0
SPE00100525,0.982605,-0.349993,0,0.732758,0.982605,0
SPE00100551,0.991828,-0.163126,0,0.870922,0.991828,0
SPE00100580,0.947166,-1.01176,0,0.312284,0.947166,0
SPE00100616,0.887575,-2.13731,0,0.0331442,0.887575,0
SPE00100698,1.06412,1.23219,0,0.220856,1.06412,0
SPE00107023,1.08885,1.71981,0,0.100424,1.08885,0
SPE00200012,1.04967,0.972994,0,0.35386,1.04967,0
SPE00100432,1.00405,0.0575252,0,0.810904,1.00405,0
SPE00100465,1.02017,0.368769,0,0.717338,1.02017,0
SPE00100550,0.964379,-0.689557,0,0.493834,0.964379,0
SPE00100582,0.78073,-4.19616,0,3.53946e-05,0.78073,0
SPE00100618,0.938345,-1.16434,0,0.248836,0.938345,0
SPE00100719,0.985606,-0.269002,0,0.78839,0.985606,0
SPE00107022,1.0818,1.57045,0,0.119326,1.0818,0
SPE00201466,1.11259,2.16171,0,0.0332706,1.11259,0
SPE00100434,1.01773,0.32834,0,0.744394,1.01773,0
SPE00100475,1.00039,-0.00628575,0,0.867444,1.00039,0
SPE00100552,0.991655,-0.166702,0,0.868158,0.991655,0
SPE00100583,0.953283,-0.871945,0,0.39578,0.953283,0
SPE00100620,0.996999,-0.0608505,0,0.951526,0.996999,0
SPE00100688,1.05251,1.00723,0,0.315048,1.05251,0
SPE00107093,0.813541,-3.57637,0,0.000504668,0.813541,0
SPE00201477,0.853835,-2.8022,0,0.00579706,0.853835,0
SPE00100435,1.03725,0.708532,0,0.478734,1.03725,0
SPE00100489,1.04495,0.850531,0,0.39658,1.04495,0
SPE00100562,0.994822,-0.0918114,0,0.927106,0.994822,0
SPE00100584,0.986141,-0.253646,0,0.801408,0.986141,0
SPE00100638,1.01452,0.273806,0,0.784374,1.01452,0
SPE00100731,1.05033,0.935957,0,0.369302,1.05033,0
SPE00200002,0.950666,-0.952428,0,0.345678,0.950666,0
SPE00201484,1.10271,1.97179,0,0.0514766,1.10271,0
SPE00100439,1.01399,0.256004,0,0.799656,1.01399,0
SPE00100492,0.962712,-0.663288,0,0.57404,0.962712,0
SPE00100520,1.04298,0.800943,0,0.43494,1.04298,0
SPE00100563,1.00513,0.092193,0,0.926716,1.00513,0
SPE00100585,1.00143,0.035559,0,0.919944,1.00143,0
SPE00100646,0.948513,-0.97017,0,0.336854,0.948513,0
SPE00107015,1.06834,1.28641,0,0.207676,1.06834,0
SPE00201505,0.568724,-8.23646,0,3.19412e-16,0.568724,0
SPE00100447,0.972103,-0.512596,0,0.6181,0.972103,0
SPE00100497,0.98767,-0.221155,0,0.827444,0.98767,0
SPE00100566,0.982948,-0.32393,0,0.74602,0.982948,0
SPE00100586,0.953132,-0.899418,0,0.369554,0.953132,0
SPE00100650,1.03687,0.731826,0,0.490918,1.03687,0
SPE00100901,1.03952,0.743286,0,0.460876,1.03952,0
SPE00102007,0.876359,-2.40393,0,0.034128,0.876359,0
SPE00201506,0.124669,-16.7845,0,0,0.124669,0
SPE00100517,0.981778,-0.403441,0,0.529986,0.981778,0
SPE00100529,0.780386,-4.18471,0,2.90102e-05,0.780386,0
SPE00100567,1.02427,0.459433,0,0.646214,1.02427,0
SPE00100595,0.998563,-0.00162311,0,0.753778,0.998563,0
SPE00100651,1.03913,0.774011,0,0.464364,1.03913,0
SPE00102035,1.04416,0.839314,0,0.401574,1.04416,0
SPE00107005,1.05256,1.00438,0,0.315338,1.05256,0
SPE00201509,0.935446,-1.22114,0,0.225398,0.935446,0
SPE00200141,0.905871,-1.73233,0,0.172578,0.905871,0
SPE00200449,1.05649,1.08173,0,0.280082,1.05649,0
SPE00200833,1.00747,0.135075,0,0.89298,1.00747,0
SPE00211458,1.0907,1.71927,0,0.088076,1.0907,0
SPE00300007,0.894285,-2.03389,0,0.0468262,0.894285,0
SPE00300058,0.883378,-2.25313,0,0.0333494,0.883378,0
SPE00300119,1.08693,1.65306,0,0.0988808,1.08693,0
SPE00300531,1.07959,1.511,0,0.13214,1.07959,0
SPE00200015,1.02577,0.48093,0,0.633302,1.02577,0
SPE00200183,0.948534,-0.957914,0,0.357676,0.948534,0
SPE00200457,1.04904,0.926845,0,0.356468,1.04904,0
SPE00200851,1.05987,1.14274,0,0.253176,1.05987,0
SPE00300012,0.948083,-0.987973,0,0.323324,0.948083,0
SPE00300061,1.01381,0.254344,0,0.800418,1.01381,0
SPE00300132,1.01129,0.225231,0,0.823086,1.01129,0
SPE00300532,1.02975,0.576921,0,0.566676,1.02975,0
SPE00200031,0.956832,-0.806055,0,0.430272,0.956832,0
SPE00200255,0.17786,-15.7721,0,0,0.17786,0
SPE00200463,0.989778,-0.191095,0,0.848614,0.989778,0
SPE00200873,1.07573,1.45472,0,0.149052,1.07573,0
SPE00300018,0.996675,-0.0769859,0,0.86918,0.996675,0
SPE00300101,1.01766,0.327746,0,0.744598,1.01766,0
SPE00300133,1.00197,0.0372151,0,0.970314,1.00197,0
SPE00300538,0.340542,-12.6336,0,3.93272e-33,0.340542,0
SPE00200040,0.998769,-0.0229914,0,0.981658,0.998769,0
SPE00200191,1.06795,1.29848,0,0.194367,1.06795,0
SPE00200484,0.955238,-0.846935,0,0.398598,0.955238,0
SPE00201066,1.0727,1.40039,0,0.167405,1.0727,0
SPE00300021,0.983309,-0.32285,0,0.747182,0.983309,0
SPE00300104,1.00858,0.164695,0,0.869196,1.00858,0
SPE00300148,1.005,0.0908635,0,0.927712,1.005,0
SPE00300539,1.00693,0.132315,0,0.894736,1.00693,0
SPE00200070,1.00931,0.185727,0,0.853368,1.00931,0
SPE00200243,1.06271,1.20586,0,0.231336,1.06271,0
SPE00200488,1.05726,1.08691,0,0.277958,1.05726,0
SPE00201067,0.600779,-7.62955,0,5.60428e-14,0.600779,0
SPE00300032,0.943798,-1.08384,0,0.283586,0.943798,0
SPE00300105,0.955794,-0.844214,0,0.3986,0.955794,0
SPE00300157,0.878439,-2.31729,0,0.0204958,0.878439,0
SPE00300540,0.990064,-0.185871,0,0.852686,0.990064,0
SPE00200107,0.39986,-11.5015,0,1.49454e-27,0.39986,0
SPE00200412,1.01519,0.284973,0,0.77602,1.01519,0
SPE00200640,0.972295,-0.536568,0,0.593422,0.972295,0
SPE00201078,1.04988,0.939083,0,0.35287,1.04988,0
SPE00300006,0.98962,-0.198708,0,0.842498,0.98962,0
SPE00300106,1.01202,0.218395,0,0.828604,1.01202,0
SPE00300160,0.970108,-0.563206,0,0.574624,0.970108,0
SPE00300542,1.01126,0.214906,0,0.829842,1.01126,0
SPE00200110,1.03865,0.731595,0,0.465384,1.03865,0
SPE00200424,0.802734,-3.7705,0,0.000176434,0.802734,0
SPE00200743,1.1249,2.3755,0,0.0178695,1.1249,0
SPE00201083,0.851015,-2.83764,0,0.00458266,0.851015,0
SPE00300052,0.969896,-0.582606,0,0.562258,0.969896,0
SPE00300110,1.01498,0.286263,0,0.774684,1.01498,0
SPE00300166,1.03319,0.637536,0,0.52443,1.03319,0
SPE00300545,0.983591,-0.320042,0,0.749844,0.983591,0
SPE00200111,1.01398,0.267197,0,0.789322,1.01398,0
SPE00200427,1.08907,1.68173,0,0.0995416,1.08907,0
SPE00200759,1.07566,1.42236,0,0.167652,1.07566,0
SPE00201133,1.13167,2.49769,0,0.0136512,1.13167,0
SPE00300053,1.01672,0.316626,0,0.75162,1.01672,0
SPE00300111,0.987761,-0.201473,0,0.70341,0.987761,0
SPE00300228,0.81212,-3.58003,0,0.000346486,0.81212,0
SPE00300546,0.917871,-1.56719,0,0.117096,0.917871,0
SPE00200115,1.02506,0.48303,0,0.629732,1.02506,0
SPE00200441,1.07202,1.37477,0,0.169263,1.07202,0
SPE00200763,0.784605,-4.18553,0,0.000601826,0.784605,0
SPE00201136,0.701737,-5.72891,0,8.4556e-08,0.701737,0
SPE00212097,0.864125,-2.58391,0,0.0100561,0.864125,0
SPE00300055,0.919398,-1.53195,0,0.126279,0.919398,0
SPE00300117,1.02983,0.536528,0,0.619344,1.02983,0
SPE00300348,0.945475,-1.04749,0,0.296976,0.945475,0
SPE00200139,0.924313,-1.45608,0,0.150169,0.924313,0
SPE00200447,0.986337,-0.264626,0,0.791546,0.986337,0
SPE00200793,1.05424,1.02027,0,0.314704,1.05424,0
SPE00201154,1.06047,1.1535,0,0.248706,1.06047,0
SPE00211224,0.93337,-1.25401,0,0.219142,0.93337,0
SPE00300057,1.03594,0.701413,0,0.491378,1.03594,0
SPE00300118,0.993101,-0.153924,0,0.787994,0.993101,0
SPE00300423,1.02461,0.466592,0,0.640974,1.02461,0
SPE00201513,0.197955,-15.3907,0,0,0.197955,0
SPE00201697,1.00437,0.0929033,0,0.907996,1.00437,0
SPE00210239,0.296645,-13.4835,0,7.29048e-37,0.296645,0
SPE00210567,1.0086,0.14904,0,0.85638,1.0086,0
SPE00211126,0.991171,-0.159661,0,0.873852,0.991171,0
SPE00211709,0.321476,-13.0028,0,1.00566e-34,0.321476,0
SPE00240660,1.03281,0.595214,0,0.578204,1.03281,0
SPE01503261,0.34751,-12.4293,0,7.55322e-35,0.34751,0
SPE00100652,1.07502,1.41348,0,0.166569,1.07502,0
SPE00201524,0.952207,-0.878289,0,0.417396,0.952207,0
SPE00203010,0.961174,-0.727111,0,0.47297,0.961174,0
SPE00210242,0.31412,-13.1261,0,1.65711e-36,0.31412,0
SPE00210568,1.0478,0.897766,0,0.375994,1.0478,0
SPE00211152,1.05781,1.08448,0,0.28946,1.05781,0
SPE00212140,1.06705,1.23114,0,0.292174,1.06705,0
SPE00240673,0.990344,-0.21187,0,0.741532,0.990344,0
SPE00201539,0.770469,-4.36315,0,1.67291e-05,0.770469,0
SPE00201716,1.01601,0.291661,0,0.773606,1.01601,0
SPE00210025,0.824233,-3.32707,0,0.00138726,0.824233,0
SPE00210296,1.061,1.15553,0,0.249948,1.061,0
SPE00210599,0.952256,-0.904346,0,0.36715,0.952256,0
SPE00211227,1.05031,0.979643,0,0.341772,1.05031,0
SPE00240429,0.632657,-7.00743,0,2.46572e-12,0.632657,0
SPE00240828,0.331087,-12.7728,0,1.4778e-36,0.331087,0
SPE00201540,0.959843,-0.750268,0,0.461112,0.959843,0
SPE00201610,0.875826,-2.34687,0,0.0229394,0.875826,0
SPE00210014,1.04091,0.781518,0,0.434556,1.04091,0
SPE00210072,0.989908,-0.191163,0,0.848416,0.989908,0
SPE00210369,1.053,1.01511,0,0.310726,1.053,0
SPE00210837,1.03465,0.659332,0,0.509754,1.03465,0
SPE00240437,1.05225,0.955381,0,0.397198,1.05225,0
SPE00240862,1.0399,0.718119,0,0.529338,1.0399,0
SPE00100687,1.04711,0.885107,0,0.382304,1.04711,0
SPE00107013,1.0314,0.6138,0,0.546044,1.0314,0
SPE00201581,0.367431,-12.1131,0,6.04468e-31,0.367431,0
SPE00210201,1.0368,0.702639,0,0.482308,1.0368,0
SPE00210454,0.886021,-2.19133,0,0.032129,0.886021,0
SPE00210850,0.19551,-15.4371,0,0,0.19551,0
SPE00240470,1.03239,0.613244,0,0.540314,1.03239,0
SPE00240871,1.03965,0.720322,0,0.511704,1.03965,0
SPE00100355,1.03529,0.678598,0,0.498382,1.03529,0
SPE00201584,0.81679,-3.50783,0,0.00053934,0.81679,0
SPE00210203,0.983495,-0.293109,0,0.777076,0.983495,0
SPE00210503,1.0139,0.27407,0,0.7853,1.0139,0
SPE00210863,1.00324,0.0648125,0,0.94836,1.00324,0
SPE00211538,1.04212,0.8093,0,0.419626,1.04212,0
SPE00240497,1.05251,0.95212,0,0.422786,1.05251,0
SPE00240944,0.980174,-0.405114,0,0.701092,0.980174,0
SPE00200123,0.849116,-2.86381,0,0.00471018,0.849116,0
SPE00201595,0.550449,-8.58847,0,2.29082e-17,0.550449,0
SPE00210211,0.997494,-0.0181144,0,0.718024,0.997494,0
SPE00210505,0.563954,-8.29503,0,4.36944e-16,0.563954,0
SPE00210866,1.02065,0.397692,0,0.69117,1.02065,0
SPE00211531,1.07254,1.34757,0,0.218096,1.07254,0
SPE00240565,0.866751,-2.52652,0,0.0128359,0.866751,0
SPE00290030,1.03759,0.722541,0,0.471032,1.03759,0
SPE00100749,1.06224,1.16411,0,0.26251,1.06224,0
SPE00201654,0.959767,-0.735029,0,0.495694,0.959767,0
SPE00210220,1.03236,0.644997,0,0.542424,1.03236,0
SPE00210515,0.183128,-15.685,0,0,0.183128,0
SPE00210874,1.05357,1.0053,0,0.324248,1.05357,0
SPE00211475,0.848738,-2.84787,0,0.00867268,0.848738,0
SPE00240567,1.06425,1.16682,0,0.354506,1.06425,0
SPE00300001,1.02478,0.387531,0,0.33632,1.02478,0
SPE00100743,0.913265,-1.60038,0,0.183899,0.913265,0
SPE00201662,0.986258,-0.248033,0,0.806886,0.986258,0
SPE00210235,1.05617,1.0831,0,0.283854,1.05617,0
SPE00210522,1.01533,0.30443,0,0.76331,1.01533,0
SPE00211012,0.658963,-6.47214,0,5.7494e-10,0.658963,0
SPE00211552,0.207044,-15.1593,0,0,0.207044,0
SPE00240590,1.02884,0.558626,0,0.578514,1.02884,0
SPE00300003,1.018,0.314768,0,0.74189,1.018,0
SPE00100655,1.03376,0.609456,0,0.576366,1.03376,0
SPE00202130,0.998114,-0.0352116,0,0.971912,0.998114,0
SPE00210238,0.627794,-7.06059,0,2.00216e-11,0.627794,0
SPE00210556,0.996675,-0.0438405,0,0.812056,0.996675,0
SPE00211066,1.00951,0.179471,0,0.857604,1.00951,0
SPE00211566,1.04269,0.788006,0,0.45354,1.04269,0
SPE00240642,0.933204,-1.22396,0,0.30212,0.933204,0
SPE00300005,1.01185,0.207664,0,0.82789,1.01185,0
SPE00200744,1.11595,2.21335,0,0.0269238,1.11595,0
SPE00201364,1.03942,0.753155,0,0.45143,1.03942,0
SPE00203008,0.881866,-2.29031,0,0.0362954,0.881866,0
SPE00240736,0.945398,-1.05225,0,0.296974,0.945398,0
SPE00300547,1.01457,0.284702,0,0.776638,1.01457,0
SPE01500486,1.02639,0.492479,0,0.625392,1.02639,0
SPE01504024,0.99509,-0.0853378,0,0.91985,0.99509,0
SPE01504119,0.919965,-1.53974,0,0.128634,0.919965,0
SPE00201177,1.04588,0.885074,0,0.379714,1.04588,0
SPE00201281,0.793727,-3.98825,0,0.000444384,0.793727,0
SPE00201449,0.998945,-0.0283343,0,0.920456,0.998945,0
SPE00307031,1.06705,1.28803,0,0.2006,1.06705,0
SPE01504412,0.995499,-0.104968,0,0.816882,0.995499,0
SPE01600587,0.998493,-0.0216127,0,0.930912,0.998493,0
SPE01800055,1.01362,0.268596,0,0.789454,1.01362,0
SPE10100009,0.977422,-0.439573,0,0.662154,0.977422,0
SPE00201182,0.648068,-6.70681,0,2.13858e-11,0.648068,0
SPE00201309,0.992093,-0.140803,0,0.888842,0.992093,0
SPE00350011,1.02744,0.530953,0,0.597044,1.02744,0
SPE01500944,1.00546,0.110131,0,0.912536,1.00546,0
SPE01503692,0.0728838,-17.8018,0,0,0.0728838,0
SPE01504018,1.01205,0.246188,0,0.809248,1.01205,0
SPE01504256,1.01127,0.211322,0,0.8328,1.01127,0
SPE10101011,1.01043,0.16783,0,0.709144,1.01043,0
SPE00201185,0.86037,-2.68018,0,0.00869648,0.86037,0
SPE00201310,1.02911,0.557036,0,0.577594,1.02911,0
SPE00211555,1.01673,0.321606,0,0.747872,1.01673,0
SPE00270067,0.996388,-0.0557323,0,0.873098,0.996388,0
SPE00300566,1.01864,0.334584,0,0.745986,1.01864,0
SPE01503723,1.04172,0.822197,0,0.434942,1.04172,0
SPE01504022,0.999339,-0.0307286,0,0.825596,0.999339,0
SPE01504411,1.01638,0.309267,0,0.757284,1.01638,0
SPE00201187,0.763489,-4.52564,0,8.36672e-06,0.763489,0
SPE00201312,0.912019,-1.69286,0,0.09587,0.912019,0
SPE00210752,1.04181,0.796621,0,0.425688,1.04181,0
SPE01500275,0.7596,-4.59943,0,5.85552e-06,0.7596,0
SPE01504104,1.01883,0.368433,0,0.714308,1.01883,0
SPE01600480,1.02454,0.476278,0,0.635566,1.02454,0
SPE01600561,0.705329,-5.65091,0,6.95792e-08,0.705329,0
SPE01800031,1.02037,0.390138,0,0.696494,1.02037,0
SPE00200343,0.943958,-1.06029,0,0.291564,0.943958,0
SPE00200403,1.05648,1.10361,0,0.294214,1.05648,0
SPE00210658,0.796034,-3.76982,1,0.0104092,0.796034,0
SPE00240651,0.917758,-1.54728,0,0.134062,0.917758,0
SPE01500655,1.02103,0.403163,0,0.686922,1.02103,0
SPE01504156,1.05882,1.11341,0,0.267932,1.05882,0
SPE01504168,0.660593,-6.46126,0,1.48759e-10,0.660593,0
SPE01600919,1.01388,0.250745,0,0.804798,1.01388,0
SPE00200407,0.569339,-8.20467,0,3.14264e-16,0.569339,0
SPE00201331,0.921394,-1.51625,0,0.137834,0.921394,0
SPE00300222,1.04606,0.876726,0,0.380738,1.04606,0
SPE00300556,0.917756,-1.54573,0,0.136343,0.917756,0
SPE01500724,1.01101,0.181964,0,0.737388,1.01101,0
SPE01504155,1.07144,1.36812,0,0.172317,1.07144,0
SPE01600365,0.808526,-3.69975,0,0.000936936,0.808526,0
SPE01600964,1.02284,0.447412,0,0.657942,1.02284,0
SPE00200013,1.01599,0.300551,0,0.764076,1.01599,0
SPE00200413,1.01662,0.31555,0,0.752378,1.01662,0
SPE00201341,0.923505,-1.42466,0,0.189283,0.923505,0
SPE00241150,1.04968,0.95177,0,0.341908,1.04968,0
SPE00300564,1.02766,0.55805,0,0.602212,1.02766,0
SPE01504003,0.983224,-0.350594,0,0.72555,0.983224,0
SPE01504115,0.986041,-0.266302,0,0.790008,0.986041,0
SPE01504124,1.01936,0.349895,0,0.733616,1.01936,0
SPE00200416,0.986712,-0.238348,0,0.814688,0.986712,0
SPE00201342,0.993148,-0.11455,0,0.845492,0.993148,0
SPE00203029,0.950312,-0.93786,0,0.351674,0.950312,0
SPE00240958,0.511685,-9.31039,0,1.30557e-20,0.511685,0
SPE00270083,1.01964,0.398945,0,0.70272,1.01964,0
SPE01500880,1.0378,0.732662,0,0.468372,1.0378,0
SPE01504167,1.00067,-0.000287887,0,0.873526,1.00067,0
SPE02300228,1.03701,0.705604,0,0.480436,1.03701,0
SPE00200436,0.980719,-0.370278,0,0.711312,0.980719,0
SPE00201355,1.02403,0.442485,0,0.663938,1.02403,0
SPE00240740,0.819412,-3.44678,0,0.000571826,0.819412,0
SPE01504005,0.650393,-6.66914,0,2.60796e-11,0.650393,0
SPE01504016,1.05481,1.05274,0,0.294454,1.05481,0
SPE01504051,1.05317,1.02167,0,0.309004,1.05317,0
SPE01701001,0.95797,-0.815939,0,0.421662,0.95797,0
SPE01800123,0.96991,-0.566196,0,0.572914,0.96991,0
SPE00211950,0.980026,-0.38345,0,0.701522,0.980026,0
SPE00307045,0.989688,-0.170864,0,0.757046,0.989688,0
SPE01500730,0.9962,-0.0841599,0,0.887334,0.9962,0
SPE01500842,1.05419,1.01661,0,0.31935,1.05419,0
SPE01502020,1.01165,0.226685,0,0.820932,1.01165,0
SPE01504162,1.07052,1.33388,0,0.186153,1.07052,0
SPE01504164,1.00511,0.0884738,0,0.914018,1.00511,0
SPE01504181,0.70974,-5.59741,0,6.41656e-07,0.70974,0
SPE00211468,0.923496,-1.46919,0,0.144865,0.923496,0
SPE00300600,1.00364,0.0677312,0,0.946012,1.00364,0
SPE00307047,1.00943,0.193722,0,0.848526,1.00943,0
SPE00310023,0.975212,-0.485784,0,0.631444,0.975212,0
SPE01500247,1.02096,0.408238,0,0.684692,1.02096,0
SPE01502262,1.06476,1.22112,0,0.228626,1.06476,0
SPE01504041,1.00884,0.154112,0,0.861892,1.00884,0
SPE01504091,1.00694,0.130534,0,0.896168,1.00694,0
SPE00307050,0.645136,-6.82276,0,3.89594e-10,0.645136,0
SPE01500726,0.70099,-5.74219,0,7.38726e-08,0.70099,0
SPE01500835,0.95649,-0.826097,0,0.409212,0.95649,0
SPE01502126,0.987386,-0.239308,0,0.810888,0.987386,0
SPE01502180,1.05239,1.00001,0,0.317336,1.05239,0
SPE01503674,1.05895,1.11586,0,0.266882,1.05895,0
SPE01504017,0.28566,-13.6974,0,9.50506e-38,0.28566,0
SPE02300330,0.998136,-0.0362815,0,0.97106,0.998136,0
SPE00290032,0.998618,-0.0288152,0,0.9761,0.998618,0
SPE00307055,1.01288,0.254809,0,0.8001,1.01288,0
SPE00310001,0.990105,-0.181233,0,0.85677,0.990105,0
SPE01500874,0.972631,-0.544574,0,0.600008,0.972631,0
SPE01500904,1.01787,0.314846,0,0.763462,1.01787,0
SPE01503815,1.04503,0.879851,0,0.394586,1.04503,0
SPE01503987,1.06508,1.24624,0,0.213574,1.06508,0
SPE01503994,1.05537,1.05882,0,0.289992,1.05537,0
SPE00307056,0.863665,-2.60653,0,0.00936954,0.863665,0
SPE01500740,0.732265,-5.12824,0,6.3418e-07,0.732265,0
SPE01500857,1.01236,0.217456,0,0.829092,1.01236,0
SPE01502261,1.08282,1.56892,0,0.119668,1.08282,0
SPE01504044,0.784584,-4.13683,0,7.99008e-05,0.784584,0
SPE01504180,0.769527,-4.4237,0,2.3741e-05,0.769527,0
SPE01504800,1.03219,0.62144,0,0.535996,1.03219,0
SPE02300253,1.06389,1.2271,0,0.222346,1.06389,0
SPE00200258,0.767103,-4.47015,0,1.96084e-05,0.767103,0
SPE00307057,0.994811,-0.0858329,0,0.873678,0.994811,0
SPE00310021,1.10437,2.01712,0,0.0549328,1.10437,0
SPE01500837,1.04124,0.794448,0,0.429122,1.04124,0
SPE01500854,1.07235,1.36501,0,0.179042,1.07235,0
SPE01502231,1.09407,1.76621,0,0.0941672,1.09407,0
SPE01504069,1.06242,1.18724,0,0.235478,1.06242,0
SPE01504200,0.981082,-0.372922,0,0.712222,0.981082,0
SPE00100599,1.01778,0.324635,0,0.749258,1.01778,0
SPE00270088,1.0567,1.08394,0,0.278656,1.0567,0
SPE00307058,1.09266,1.74369,0,0.0936032,1.09266,0
SPE01500898,0.553131,-8.56815,0,5.92694e-16,0.553131,0
SPE01500906,0.565641,-8.31007,0,7.02928e-16,0.565641,0
SPE01502250,1.0433,0.814526,0,0.419674,1.0433,0
SPE01504084,0.950375,-0.953649,0,0.342152,0.950375,0
SPE01504165,0.705137,-5.63669,0,2.55636e-08,0.705137,0
SPE00307059,0.886033,-2.17497,0,0.0296626,0.886033,0
SPE00310002,1.1552,2.96393,0,0.00307692,1.1552,0
SPE01500737,0.722791,-5.29753,0,1.49403e-07,0.722791,0
SPE01502253,0.85958,-2.68721,0,0.00758206,0.85958,0
SPE01504081,1.02272,0.417187,0,0.682296,1.02272,0
SPE01504090,0.981907,-0.321546,0,0.757556,0.981907,0
SPE01504120,0.839917,-3.06385,0,0.00238746,0.839917,0
SPE01504910,1.07955,1.51917,0,0.128851,1.07955,0
SPE00200208,1.05221,0.992234,0,0.3215,1.05221,0
SPE00201153,1.00122,0.033778,0,0.89832,1.00122,0
SPE01500860,1.06499,1.25409,0,0.216988,1.06499,0
SPE01500987,1.06979,1.33544,0,0.182378,1.06979,0
SPE01501128,1.02161,0.434942,0,0.675658,1.02161,0
SPE01504013,1.10277,2.01119,0,0.0871182,1.10277,0
SPE01504132,0.890605,-2.08519,0,0.0370658,0.890605,0
SPE01504178,0.956551,-0.802324,0,0.445604,0.956551,0
SPE00200034,1.07282,1.34759,0,0.230542,1.07282,0
SPE00270051,0.933307,-1.2783,0,0.202524,0.933307,0
SPE00307043,1.02204,0.407983,0,0.68661,1.02204,0
SPE01500209,1.07928,1.5122,0,0.130486,1.07928,0
SPE01502244,1.03431,0.661705,0,0.509918,1.03431,0
SPE01502251,0.877508,-2.33053,0,0.0200484,0.877508,0
SPE01504071,1.11363,2.18212,0,0.0318174,1.11363,0
SPE01504074,0.88614,-2.16077,0,0.0320994,0.88614,0
SPE00100346,1.02363,0.448227,0,0.654126,1.02363,0
SPE00210400,1.0022,0.0393099,0,0.96866,1.0022,0
SPE00211307,0.949831,-0.938413,0,0.359914,0.949831,0
SPE00300147,0.945669,-1.01629,0,0.323434,0.945669,0
SPE00310039,1.01525,0.280918,0,0.780348,1.01525,0
SPE01500107,1.03175,0.58335,0,0.573624,1.03175,0
SPE01500186,0.848006,-2.90102,0,0.00373462,0.848006,0
SPE01500812,0.998868,-0.0133318,0,0.920036,0.998868,0
SPE00300024,1.01263,0.259303,0,0.800372,1.01263,0
SPE00300047,1.01803,0.352495,0,0.725922,1.01803,0
SPE00307123,1.01216,0.229964,0,0.818168,1.01216,0
SPE00310006,1.04301,0.811281,0,0.41996,1.04301,0
SPE00310010,0.864067,-2.61392,0,0.0113749,0.864067,0
SPE01500155,1.02591,0.493389,0,0.62175,1.02591,0
SPE01500157,1.01073,0.209039,0,0.834662,1.01073,0
SPE01500282,0.867904,-2.52902,0,0.0120386,0.867904,0
SPE00201315,0.763544,-4.49869,0,8.0716e-06,0.763544,0
SPE00210205,1.01731,0.308803,0,0.765228,1.01731,0
SPE01500131,1.01972,0.373762,0,0.708688,1.01972,0
SPE01500134,1.02877,0.527988,0,0.608826,1.02877,0
SPE01500143,1.00761,0.160112,0,0.85693,1.00761,0
SPE01500208,1.00887,0.162696,0,0.871152,1.00887,0
SPE01500296,0.888122,-2.13704,0,0.0327514,0.888122,0
SPE01500731,0.943828,-1.05545,0,0.300056,0.943828,0
SPE00210186,0.930807,-1.32629,0,0.186225,0.930807,0
SPE00310011,1.03337,0.647324,0,0.52109,1.03337,0
SPE00310040,1.03653,0.694235,0,0.487712,1.03653,0
SPE01400242,1.05276,0.993281,0,0.326448,1.05276,0
SPE01504027,1.03595,0.702068,0,0.49133,1.03595,0
SPE01504146,0.918773,-1.57373,0,0.131914,0.918773,0
SPE01504163,0.99442,-0.109724,0,0.912698,0.99442,0
SPE01504241,1.00167,0.0285082,0,0.968256,1.00167,0
SPE01401401,0.963184,-0.684418,0,0.503598,0.963184,0
SPE01504078,0.98453,-0.282349,0,0.78023,0.98453,0
SPE01504123,0.995393,-0.0849894,0,0.932312,0.995393,0
SPE01504139,1.06002,1.13385,0,0.260942,1.06002,0
SPE01504149,0.988756,-0.197973,0,0.844442,0.988756,0
SPE01504154,0.790094,-4.01831,0,7.66876e-05,0.790094,0
SPE01701060,0.987158,-0.249257,0,0.803432,0.987158,0
SPE03100024,0.996227,-0.0745847,0,0.940576,0.996227,0
SPE00310009,0.732539,-5.13219,0,1.04668e-06,0.732539,0
SPE00310041,1.0093,0.141288,0,0.664686,1.0093,0
SPE01503427,1.01884,0.340535,0,0.740034,1.01884,0
SPE01504029,0.970397,-0.539904,0,0.605662,0.970397,0
SPE01504404,1.00571,0.109873,0,0.912518,1.00571,0
SPE01504410,1.0166,0.312575,0,0.754892,1.0166,0
SPE01600300,0.984167,-0.297846,0,0.766102,0.984167,0
SPE01601000,1.02877,0.551532,0,0.58149,1.02877,0
SPE00100015,1.0138,0.27073,0,0.78747,1.0138,0
SPE00200022,0.769483,-4.39713,0,1.09884e-05,0.769483,0
SPE00310015,1.00327,0.0637353,0,0.949188,1.00327,0
SPE00310019,0.979856,-0.389815,0,0.69736,0.979856,0
SPE00350025,0.994148,-0.129003,0,0.833646,0.994148,0
SPE01500877,0.984753,-0.283448,0,0.777694,0.984753,0
SPE01501212,1.04882,0.922496,0,0.3588,1.04882,0
SPE01504130,0.510493,-9.39572,0,2.40296e-18,0.510493,0
SPE00100543,0.0669291,-17.9185,0,0,0.0669291,0
SPE00201580,0.195013,-15.4551,0,0,0.195013,0
SPE00201605,0.976653,-0.472949,0,0.654926,0.976653,0
SPE00300037,0.992769,-0.106448,0,0.70365,0.992769,0
SPE00310035,0.0743059,-17.7781,0,0,0.0743059,0
SPE01400208,1.01467,0.275015,0,0.783668,1.01467,0
SPE01500903,1.0128,0.245006,0,0.806466,1.0128,0
SPE01503983,1.04463,0.890483,0,0.42568,1.04463,0
SPE00201522,0.912505,-1.65104,0,0.106391,0.912505,0
SPE00300038,0.967261,-0.638411,0,0.529246,0.967261,0
SPE00300607,1.00417,0.0970381,0,0.831586,1.00417,0
SPE00307035,1.02811,0.53623,0,0.5918,1.02811,0
SPE01500122,1.03817,0.741627,0,0.464504,1.03817,0
SPE01500272,0.986572,-0.252579,0,0.80077,0.986572,0
SPE01600025,1.00197,0.0357004,0,0.971528,1.00197,0
SPE01701047,0.981597,-0.371291,0,0.71876,0.981597,0
SPE01400156,1.06518,1.26625,0,0.223238,1.06518,0
SPE01500986,1.01526,0.302905,0,0.764346,1.01526,0
SPE01504082,0.868359,-2.50639,0,0.0123019,0.868359,0
SPE01504238,1.01255,0.246433,0,0.806042,1.01255,0
SPE01505218,0.81767,-3.43804,0,0.00157064,0.81767,0
SPE01600075,0.973064,-0.509659,0,0.610718,0.973064,0
SPE01701028,1.03441,0.618798,0,0.576538,1.03441,0
SPE02300329,1.00984,0.20182,0,0.842394,1.00984,0
SPE00310016,0.854415,-2.77039,0,0.00572504,0.854415,0
SPE00310025,1.0003,0.0123764,0,0.935608,1.0003,0
SPE01500578,0.992074,-0.138376,0,0.877676,0.992074,0
SPE01500807,0.863898,-2.56338,0,0.0164784,0.863898,0
SPE01501014,1.01372,0.270316,0,0.788048,1.01372,0
SPE01502234,0.983924,-0.317585,0,0.75295,0.983924,0
SPE01504015,0.591412,-7.78428,0,8.9577e-15,0.591412,0
SPE01504053,1.00566,0.103772,0,0.91746,1.00566,0
SPE00310031,0.897864,-1.96789,0,0.055891,0.897864,0
SPE01500741,0.974554,-0.470401,0,0.643516,0.974554,0
SPE01500822,1.0171,0.327639,0,0.74323,1.0171,0
SPE01500832,1.02262,0.442108,0,0.661178,1.02262,0
SPE01504023,1.00758,0.128474,0,0.84599,1.00758,0
SPE01504106,1.01664,0.304191,0,0.763932,1.01664,0
SPE01504207,0.952829,-0.901798,0,0.36734,0.952829,0
SPE01800172,1.0304,0.571537,0,0.569518,1.0304,0
SPE01500733,0.95937,-0.790895,0,0.437748,0.95937,0
SPE01500735,0.872605,-2.42018,0,0.0161736,0.872605,0
SPE01500738,0.894255,-2.03279,0,0.0460792,0.894255,0
SPE01500856,0.870246,-2.46455,0,0.0144066,0.870246,0
SPE01502227,1.02155,0.402447,0,0.688918,1.02155,0
SPE01502256,1.0458,0.861361,0,0.394158,1.0458,0
SPE01503662,1.02618,0.460086,0,0.667932,1.02618,0
SPE02300067,1.02571,0.479313,0,0.634706,1.02571,0
SPE00300533,1.03408,0.642519,0,0.522258,1.03408,0
SPE00310030,1.01204,0.210478,0,0.820724,1.01204,0
SPE01500729,0.991916,-0.161032,0,0.87251,0.991916,0
SPE01502229,0.858977,-2.70762,0,0.00816556,0.858977,0
SPE01504034,0.978353,-0.401712,0,0.690582,0.978353,0
SPE01504066,1.03711,0.699374,0,0.486606,1.03711,0
SPE01504176,0.997978,-0.0233054,0,0.852826,0.997978,0
SPE01600537,0.979008,-0.398644,0,0.690218,0.979008,0
SPE00310038,1.00134,0.0366096,0,0.89274,1.00134,0
SPE00310299,0.749107,-4.76018,0,4.25702e-06,0.749107,0
SPE01500742,0.716297,-5.37391,0,4.12336e-07,0.716297,0
SPE01500861,0.980154,-0.376878,0,0.706318,0.980154,0
SPE01500871,1.02238,0.441037,0,0.66391,1.02238,0
SPE01501012,1.01397,0.254307,0,0.801366,1.01397,0
SPE01503982,1.0115,0.229068,0,0.820068,1.0115,0
SPE01504161,1.00128,0.0311365,0,0.934302,1.00128,0
SPE00310298,1.00901,0.170596,0,0.864558,1.00901,0
SPE01500879,1.0219,0.403214,0,0.69134,1.0219,0
SPE01500899,0.964835,-0.664042,0,0.508016,0.964835,0
SPE01502223,0.945957,-1.02427,0,0.307156,0.945957,0
SPE01502230,0.989473,-0.206048,0,0.837086,0.989473,0
SPE01502238,1.01656,0.294662,0,0.775588,1.01656,0
SPE01504073,1.00142,0.0273247,0,0.9782,1.00142,0
SPE01504160,1.00996,0.169075,0,0.802364,1.00996,0
SPE00310018,1.00906,0.175639,0,0.860666,1.00906,0
SPE01500840,1.01028,0.201313,0,0.840766,1.01028,0
SPE01500849,0.94594,-1.03575,0,0.301146,0.94594,0
SPE01501017,1.02217,0.403958,0,0.693982,1.02217,0
SPE01503992,1.03738,0.676836,0,0.538286,1.03738,0
SPE01504158,1.02167,0.417764,0,0.676574,1.02167,0
SPE01600759,0.999673,-0.0152907,0,0.912228,0.999673,0
SPE01701049,1.00815,0.159919,0,0.87313,1.00815,0
SPE01500815,0.998061,-0.0377676,0,0.969874,0.998061,0
SPE01500826,0.996859,-0.0401702,0,0.81052,0.996859,0
SPE01500847,1.02481,0.465531,0,0.642974,1.02481,0
SPE01500862,0.997807,-0.0298902,0,0.884542,0.997807,0
SPE01500939,0.976477,-0.417588,0,0.697274,0.976477,0
SPE01500984,1.00886,0.170414,0,0.864706,1.00886,0
SPE01500991,1.01479,0.271323,0,0.787936,1.01479,0
SPE01503990,0.985905,-0.260661,0,0.795334,0.985905,0
SPE00310004,1.01924,0.365787,0,0.71455,1.01924,0
SPE00310008,1.02206,0.409236,0,0.685316,1.02206,0
SPE01500824,0.982053,-0.320979,0,0.756254,0.982053,0
SPE01501193,0.813345,-3.54022,0,0.000555318,0.813345,0
SPE01502236,0.956923,-0.787817,0,0.468246,0.956923,0
SPE01504075,1.00616,0.124167,0,0.9015,1.00616,0
SPE01504159,0.987429,-0.24882,0,0.80467,0.987429,0
SPE01800005,1.0573,1.03526,0,0.410074,1.0573,0
SPE00270078,1.00857,0.152809,0,0.879544,1.00857,0
SPE00270090,1.02626,0.491589,0,0.62515,1.02626,0
SPE01500616,1.00876,0.167123,0,0.867274,1.00876,0
SPE01500819,0.902392,-1.81859,0,0.106891,0.902392,0
SPE01500990,0.97679,-0.427368,0,0.674432,0.97679,0
SPE01501208,0.755366,-4.63859,0,8.3593e-06,0.755366,0
SPE01501211,1.00358,0.0695897,0,0.944528,1.00358,0
SPE01505245,0.984655,-0.289721,0,0.77217,0.984655,0
SPE00200007,0.702769,-5.71802,0,1.58597e-07,0.702769,0
SPE00201602,0.992969,-0.137985,0,0.890374,0.992969,0
SPE00241155,0.263121,-14.1539,0,1.71884e-38,0.263121,0
SPE00300146,1.00146,0.0190313,0,0.914814,1.00146,0
SPE00310028,1.00586,0.119102,0,0.905562,1.00586,0
SPE01400164,1.01197,0.25353,0,0.766424,1.01197,0
SPE01505248,0.785384,-4.11789,0,7.36132e-05,0.785384,0
SPE01800109,1.02821,0.550594,0,0.586402,1.02821,0
SPE00107108,0.717905,-5.41743,0,3.58436e-07,0.717905,0
SPE00201181,1.0163,0.319471,0,0.750722,1.0163,0
SPE00310012,0.979196,-0.40817,0,0.686036,0.979196,0
SPE00700024,0.994608,-0.110174,0,0.91262,0.994608,0
SPE01502181,1.05264,1.03781,0,0.339418,1.05264,0
SPE01503620,1.01163,0.220465,0,0.82553,1.01163,0
SPE01504118,0.98548,-0.281413,0,0.778718,0.98548,0
SPE01504228,1.02402,0.470655,0,0.64182,1.02402,0
SPE00100676,0.838184,-3.06673,0,0.00278434,0.838184,0
SPE00200054,0.979874,-0.338881,0,0.605694,0.979874,0
SPE00201664,0.33643,-12.7434,0,9.97462e-32,0.33643,0
SPE00501000,1.00312,0.0593912,0,0.95264,1.00312,0
SPE01500602,0.998778,-0.0348171,0,0.88872,0.998778,0
SPE01500901,1.03178,0.622352,0,0.541742,1.03178,0
SPE01504060,0.921257,-1.50487,0,0.132652,0.921257,0
SPE01504076,1.04639,0.876548,0,0.38311,1.04639,0
SPE01500827,0.995148,-0.0877366,0,0.930204,0.995148,0
SPE01501207,1.00869,0.172493,0,0.863508,1.00869,0
SPE01503705,0.98639,-0.285382,0,0.762866,0.98639,0
SPE01504025,1.03201,0.639075,0,0.547434,1.03201,0
SPE01504030,1.04852,0.916067,0,0.362606,1.04852,0
SPE01504056,1.00819,0.163106,0,0.870884,1.00819,0
SPE01505243,1.08465,1.6649,0,0.158341,1.08465,0
SPE01505250,0.914591,-1.65422,0,0.114146,0.914591,0
SPE00100032,0.96555,-0.64814,0,0.519312,0.96555,0
SPE00200099,1.00852,0.142219,0,0.807034,1.00852,0
SPE00205113,0.995656,-0.0705788,0,0.881714,0.995656,0
SPE00210206,1.04492,0.883153,0,0.401434,1.04492,0
SPE00300013,0.949968,-0.956509,0,0.339018,0.949968,0
SPE01500676,1.04332,0.837902,0,0.406888,1.04332,0
SPE01502233,0.988693,-0.233654,0,0.819566,0.988693,0
SPE01503212,0.572727,-8.17606,0,2.3042e-15,0.572727,0
SPE00100010,0.999328,-0.0211581,0,0.91912,0.999328,0
SPE00100588,0.95304,-0.904709,0,0.368594,0.95304,0
SPE00200033,0.751004,-4.83311,0,7.1519e-05,0.751004,0
SPE00500071,0.993381,-0.127944,0,0.898216,0.993381,0
SPE01400422,0.828361,-3.2829,0,0.00111135,0.828361,0
SPE01500679,1.0722,1.38978,0,0.169763,1.0722,0
SPE01500711,1.03104,0.608732,0,0.55099,1.03104,0
SPE01800177,0.985123,-0.289797,0,0.77258,0.985123,0
SPE00107113,0.804276,-3.76404,0,0.00037852,0.804276,0
SPE00210800,0.998132,-0.036595,0,0.97081,0.998132,0
SPE00300548,0.995741,-0.0764874,0,0.939132,0.995741,0
SPE01502237,1.0296,0.558966,0,0.577026,1.0296,0
SPE01504019,0.545298,-8.68712,0,1.02355e-17,0.545298,0
SPE01504021,0.977044,-0.456732,0,0.656488,0.977044,0
SPE01505242,1.00947,0.185636,0,0.853006,1.00947,0
SPE01505257,1.06112,1.19189,0,0.25677,1.06112,0
SPE00201604,0.0959402,-17.3615,0,0,0.0959402,0
SPE00300610,1.00028,0.0300656,0,0.763512,1.00028,0
SPE00500123,1.00411,0.0700367,0,0.919362,1.00411,0
SPE01500156,1.01754,0.360759,0,0.731724,1.01754,0
SPE01500843,1.03917,0.722586,0,0.48907,1.03917,0
SPE01502206,0.644819,-6.81203,0,1.13292e-10,0.644819,0
SPE01504059,0.927049,-1.40771,0,0.167604,0.927049,0
SPE01800018,1.06863,1.32903,0,0.197083,1.06863,0
SPE00200789,0.997335,-0.0538239,0,0.957104,0.997335,0
SPE00300618,0.968012,-0.603783,0,0.547146,0.968012,0
SPE01400136,0.977242,-0.413508,0,0.688508,0.977242,0
SPE01502259,0.965242,-0.665883,0,0.505776,0.965242,0
SPE01503431,1.01597,0.296855,0,0.767554,1.01597,0
SPE01505254,1.03325,0.623924,0,0.535806,1.03325,0
SPE01505263,1.02543,0.51055,0,0.626514,1.02543,0
SPE01800168,0.966005,-0.68241,0,0.530826,0.966005,0
SPE00200433,1.01991,0.383673,0,0.70156,1.01991,0
SPE00200798,0.934982,-1.22675,0,0.225822,0.934982,0
SPE00203032,1.0301,0.605559,0,0.573562,1.0301,0
SPE00270049,1.04056,0.788417,0,0.437932,1.04056,0
SPE01400131,1.00728,0.112025,0,0.74665,1.00728,0
SPE01501210,0.985544,-0.280867,0,0.77924,0.985544,0
SPE01505247,1.02557,0.470541,0,0.64512,1.02557,0
SPE01800170,0.947932,-0.986731,0,0.32516,0.947932,0
SPE00100198,0.954309,-0.877869,0,0.381512,0.954309,0
SPE00100291,1.01127,0.213913,0,0.830626,1.01127,0
SPE01500104,0.985598,-0.284533,0,0.77757,0.985598,0
SPE01500115,1.01743,0.323822,0,0.747378,1.01743,0
SPE01500128,1.02018,0.418752,0,0.700476,1.02018,0
SPE01500141,1.01327,0.248766,0,0.803804,1.01327,0
SPE01500148,1.05421,1.05486,0,0.307098,1.05421,0
SPE01502173,1.00719,0.140047,0,0.888696,1.00719,0
SPE00300517,0.986564,-0.269933,0,0.79008,0.986564,0
SPE00300534,1.04207,0.807895,0,0.420238,1.04207,0
SPE00310017,0.0786305,-17.691,0,0,0.0786305,0
SPE01500105,0.994866,-0.102773,0,0.918286,0.994866,0
SPE01500116,1.0393,0.768679,0,0.454538,1.0393,0
SPE01500129,1.02259,0.439586,0,0.662076,1.02259,0
SPE01500142,0.842197,-3.02929,0,0.00319506,0.842197,0
SPE01504098,0.958912,-0.787068,0,0.431664,0.958912,0
SPE00201507,1.09939,1.93616,0,0.0824112,1.09939,0
SPE00300025,0.712504,-5.5206,0,2.12e-07,0.712504,0
SPE00300565,1.06712,1.28367,0,0.199705,1.06712,0
SPE01500117,0.980795,-0.353388,0,0.727022,0.980795,0
SPE01500759,1.0231,0.43501,0,0.664256,1.0231,0
SPE01502114,0.979186,-0.407472,0,0.686118,0.979186,0
SPE01503299,0.75795,-4.64163,0,7.8345e-06,0.75795,0
SPE01505264,0.972933,-0.520253,0,0.603334,0.972933,0
SPE00200046,0.979324,-0.3984,0,0.6907,0.979324,0
SPE00210477,0.961241,-0.746901,0,0.45713,0.961241,0
SPE00300029,0.726207,-5.26393,0,1.04366e-06,0.726207,0
SPE01500108,0.981725,-0.3495,0,0.726732,0.981725,0
SPE01500119,0.983778,-0.302206,0,0.763364,0.983778,0
SPE01500133,1.01124,0.219428,0,0.826646,1.01124,0
SPE01500144,1.02406,0.463736,0,0.643424,1.02406,0
SPE01500152,1.07553,1.46263,0,0.15813,1.07553,0
SPE00100358,0.988132,-0.223414,0,0.823322,0.988132,0
SPE00200499,1.11468,2.18847,0,0.0286608,1.11468,0
SPE01500109,0.962861,-0.701525,0,0.484444,0.962861,0
SPE01500120,0.974162,-0.485597,0,0.628554,0.974162,0
SPE01500145,1.00418,0.084634,0,0.93267,1.00418,0
SPE01500516,0.990163,-0.184033,0,0.854124,0.990163,0
SPE01500529,0.979744,-0.39369,0,0.694988,0.979744,0
SPE01503927,1.0357,0.684433,0,0.494138,1.0357,0
SPE00310300,0.714517,-5.45778,0,6.94848e-08,0.714517,0
SPE01500103,0.901023,-1.8751,0,0.0637274,0.901023,0
SPE01500110,0.997308,-0.0511375,0,0.959216,0.997308,0
SPE01500135,1.02635,0.507557,0,0.612424,1.02635,0
SPE01500146,1.05918,1.12781,0,0.259422,1.05918,0
SPE01502019,0.896915,-1.96446,0,0.04951,0.896915,0
SPE01503210,0.740661,-4.97397,0,1.8816e-06,0.740661,0
SPE01504065,1.037,0.664583,0,0.556772,1.037,0
SPE00310050,0.997794,-0.032283,0,0.905244,0.997794,0
SPE01400666,0.978737,-0.408269,0,0.683248,0.978737,0
SPE01500111,0.965979,-0.644063,0,0.520228,0.965979,0
SPE01500123,1.00992,0.187369,0,0.851408,1.00992,0
SPE01500136,1.04573,0.852006,0,0.408132,1.04573,0
SPE01500158,1.12443,2.38717,0,0.018658,1.12443,0
SPE01502242,0.988319,-0.210613,0,0.834974,0.988319,0
SPE01503059,1.02379,0.457077,0,0.64789,1.02379,0
SPE01400010,0.910771,-1.70657,0,0.0884766,0.910771,0
SPE01500101,1.04973,0.949914,0,0.34224,1.04973,0
SPE01500112,0.893066,-2.05167,0,0.0424778,0.893066,0
SPE01500124,0.999278,-0.0105698,0,0.968938,0.999278,0
SPE01500137,1.0622,1.18557,0,0.235806,1.0622,0
SPE01500159,1.11587,2.21629,0,0.027154,1.11587,0
SPE01500820,0.54874,-8.63665,0,7.29902e-17,0.54874,0
SPE01502178,0.889336,-2.11439,0,0.0346948,0.889336,0
SPE00330081,0.997939,-0.0472871,0,0.922672,0.997939,0
SPE01500102,0.496067,-9.66032,0,7.12828e-20,0.496067,0
SPE01500113,1.0235,0.451605,0,0.651846,1.0235,0
SPE01500126,1.02677,0.542065,0,0.614486,1.02677,0
SPE01500138,0.998173,-0.0320367,0,0.972732,0.998173,0
SPE01500147,1.0203,0.380523,0,0.704482,1.0203,0
SPE01502235,0.918237,-1.53051,0,0.148892,0.918237,0
SPE01502239,1.2122,4.06781,0,7.6655e-05,1.2122,0
SPE00211363,0.994772,-0.116042,0,0.843444,0.994772,0
SPE01500114,0.941572,-1.09976,0,0.27884,0.941572,0
SPE01500127,1.01042,0.202587,0,0.839632,1.01042,0
SPE01500139,1.02617,0.494032,0,0.621942,1.02617,0
SPE01500160,0.998466,-0.0331147,0,0.96252,0.998466,0
SPE01500161,0.949692,-0.974202,0,0.337774,0.949692,0
SPE01502033,0.059485,-18.0574,0,0,0.059485,0
SPE01502248,1.03424,0.674474,0,0.51455,1.03424,0
SPE00211175,1.00323,0.0509008,0,0.896634,1.00323,0
SPE00212064,0.995483,-0.0792303,0,0.933184,0.995483,0
SPE01500162,0.99484,-0.0893424,0,0.912514,0.99484,0
SPE01500200,0.0674147,-17.9123,0,0,0.0674147,0
SPE01500217,1.01529,0.277301,0,0.784736,1.01529,0
SPE01500233,0.997017,-0.0409885,0,0.84677,0.997017,0
SPE01500245,1.00068,0.0157898,0,0.972534,1.00068,0
SPE01500260,0.0695601,-17.8694,0,0,0.0695601,0
SPE00270029,0.741609,-4.95685,0,2.15608e-06,0.741609,0
SPE01500163,0.979228,-0.392524,0,0.69495,0.979228,0
SPE01500187,1.00919,0.172407,0,0.863198,1.00919,0
SPE01500201,1.016,0.30954,0,0.757244,1.016,0
SPE01500218,1.00962,0.185317,0,0.85302,1.00962,0
SPE01500235,1.0328,0.61351,0,0.543828,1.0328,0
SPE01500246,1.04332,0.815159,0,0.419072,1.04332,0
SPE01500261,1.01728,0.307216,0,0.767196,1.01728,0
SPE01500164,0.987373,-0.25095,0,0.803328,0.987373,0
SPE01500178,0.986067,-0.250976,0,0.804926,0.986067,0
SPE01500188,1.00609,0.12296,0,0.902474,1.00609,0
SPE01500202,0.0673487,-17.9092,0,0,0.0673487,0
SPE01500222,1.02787,0.548179,0,0.591338,1.02787,0
SPE01500236,1.01891,0.354457,0,0.723722,1.01891,0
SPE01500248,0.905866,-1.79945,0,0.0723324,0.905866,0
SPE01500263,0.980693,-0.37213,0,0.710116,0.980693,0
SPE01500165,0.99462,-0.105318,0,0.91617,0.99462,0
SPE01500179,1.03333,0.630257,0,0.529374,1.03333,0
SPE01500189,0.073698,-17.7885,0,0,0.073698,0
SPE01500205,1.03009,0.584153,0,0.562214,1.03009,0
SPE01500224,0.853881,-2.77953,0,0.00561424,0.853881,0
SPE01500237,1.03122,0.591862,0,0.554322,1.03122,0
SPE01500249,1.03525,0.67351,0,0.500676,1.03525,0
SPE01500266,0.8585,-2.68756,0,0.0077093,0.8585,0
SPE00300034,0.745464,-4.86227,0,1.30412e-06,0.745464,0
SPE01500166,1.00411,0.0682843,0,0.90267,1.00411,0
SPE01500190,1.00638,0.112256,0,0.909404,1.00638,0
SPE01500207,0.987289,-0.228052,0,0.822286,0.987289,0
SPE01500225,1.00005,-0.00120749,0,0.979726,1.00005,0
SPE01500238,1.04016,0.763077,0,0.445682,1.04016,0
SPE01500251,1.02908,0.53482,0,0.60325,1.02908,0
SPE01500267,1.07108,1.33076,0,0.203084,1.07108,0
SPE01500167,0.986219,-0.252158,0,0.802548,0.986219,0
SPE01500181,0.987775,-0.225828,0,0.822028,0.987775,0
SPE01500210,1.00732,0.132031,0,0.895404,1.00732,0
SPE01500226,0.95198,-0.904915,0,0.369674,0.95198,0
SPE01500239,1.03361,0.646737,0,0.518864,1.03361,0
SPE01500253,1.03886,0.720698,0,0.484558,1.03886,0
SPE01500268,0.431519,-10.8687,0,3.03296e-26,0.431519,0
SPE01500514,0.963246,-0.691245,0,0.49241,0.963246,0
SPE01500168,1.02528,0.478391,0,0.632706,1.02528,0
SPE01500182,0.981632,-0.347526,0,0.728342,0.981632,0
SPE01500212,0.999333,-0.0308664,0,0.825288,0.999333,0
SPE01500227,0.996811,-0.0631754,0,0.949648,0.996811,0
SPE01500240,0.905207,-1.81642,0,0.070862,0.905207,0
SPE01500255,0.838274,-3.12052,0,0.0038843,0.838274,0
SPE01500269,1.08239,1.5582,0,0.123834,1.08239,0
SPE01504145,0.991566,-0.163119,0,0.870474,0.991566,0
SPE01500169,0.0596463,-18.0611,0,0,0.0596463,0
SPE01500213,1.02496,0.467495,0,0.641948,1.02496,0
SPE01500231,1.0357,0.672958,0,0.502966,1.0357,0
SPE01500241,0.682893,-6.08279,0,7.985e-09,0.682893,0
SPE01500256,1.0258,0.462318,0,0.664828,1.0258,0
SPE01500270,0.871012,-2.48757,0,0.0181319,0.871012,0
SPE01504137,1.01441,0.274311,0,0.78385,1.01441,0
SPE01504144,1.01873,0.37066,0,0.714574,1.01873,0
SPE01500171,0.95966,-0.746856,0,0.4717,0.95966,0
SPE01500184,0.745768,-4.8656,0,1.81196e-06,0.745768,0
SPE01500196,0.0659641,-17.9384,0,0,0.0659641,0
SPE01500215,1.02171,0.411334,0,0.68098,1.02171,0
SPE01500232,1.01317,0.279784,0,0.73745,1.01317,0
SPE01500242,1.03421,0.64483,0,0.520832,1.03421,0
SPE01500258,1.00921,0.142735,0,0.691324,1.00921,0
SPE01502258,1.0471,0.885302,0,0.38183,1.0471,0
SPE01500173,1.00509,0.104633,0,0.917016,1.00509,0
SPE01500185,0.984207,-0.331224,0,0.72932,0.984207,0
SPE01500198,1.01365,0.258734,0,0.79588,1.01365,0
SPE01500244,0.890484,-2.07534,0,0.0404304,0.890484,0
SPE01500259,1.02403,0.461766,0,0.644556,1.02403,0
SPE01500273,1.05022,0.959212,0,0.33753,1.05022,0
SPE01500376,0.791428,-3.98436,0,7.15898e-05,0.791428,0
SPE01502245,0.400768,-11.5111,0,4.5878e-26,0.400768,0
SPE01500274,0.99899,-0.0251976,0,0.942372,0.99899,0
SPE01500288,1.04541,0.834814,0,0.436522,1.04541,0
SPE01500309,0.943478,-1.09416,0,0.283226,0.943478,0
SPE01500322,1.02101,0.384477,0,0.706088,1.02101,0
SPE01500334,0.9336,-1.27539,0,0.204948,0.9336,0
SPE01500347,0.964732,-0.637297,0,0.560696,0.964732,0
SPE01500359,1.00855,0.152731,0,0.879568,1.00855,0
SPE01500377,0.788841,-4.00589,0,9.83574e-05,0.788841,0
SPE01500294,1.0394,0.709713,0,0.531574,1.0394,0
SPE01500310,1.01468,0.270202,0,0.788484,1.01468,0
SPE01500323,1.0179,0.340527,0,0.733474,1.0179,0
SPE01500335,1.01721,0.325827,0,0.744658,1.01721,0
SPE01500348,0.997486,-0.0326503,0,0.852388,0.997486,0
SPE01500360,1.00044,-0.00457828,0,0.87412,1.00044,0
SPE01500379,0.98425,-0.293681,0,0.769742,0.98425,0
SPE01500647,0.996521,-0.0641863,0,0.94884,0.996521,0
SPE01500276,0.991382,-0.170525,0,0.864976,0.991382,0
SPE01500299,1.01729,0.322158,0,0.748388,1.01729,0
SPE01500311,1.02645,0.491531,0,0.627268,1.02645,0
SPE01500324,0.992624,-0.133453,0,0.894242,0.992624,0
SPE01500338,0.998279,-0.0158458,0,0.8364,0.998279,0
SPE01500349,1.0135,0.262819,0,0.79313,1.0135,0
SPE01500362,0.086306,-17.5444,0,0,0.086306,0
SPE01500380,0.989725,-0.200105,0,0.841598,0.989725,0
SPE01500279,0.985445,-0.280208,0,0.77943,0.985445,0
SPE01500300,1.02859,0.528015,0,0.605378,1.02859,0
SPE01500312,0.996025,-0.074938,0,0.940268,0.996025,0
SPE01500325,0.725546,-5.18453,0,2.2913e-06,0.725546,0
SPE01500339,0.998419,-0.0271877,0,0.971314,0.998419,0
SPE01500350,1.01262,0.23952,0,0.810718,1.01262,0
SPE01500363,0.99403,-0.118608,0,0.905742,0.99403,0
SPE01500383,1.00654,0.125194,0,0.900372,1.00654,0
SPE00200331,1.00034,-0.00252068,0,0.912188,1.00034,0
SPE01500302,1.01358,0.263961,0,0.79219,1.01358,0
SPE01500313,0.751234,-4.73188,0,2.81324e-06,0.751234,0
SPE01500327,0.996825,-0.0460083,0,0.859648,0.996825,0
SPE01500340,1.00178,0.0436662,0,0.906278,1.00178,0
SPE01500351,1.00814,0.171967,0,0.841232,1.00814,0
SPE01500364,1.00207,0.0369591,0,0.970532,1.00207,0
SPE01500387,1.00105,0.0116127,0,0.918378,1.00105,0
SPE01500283,0.99959,-0.0127977,0,0.951766,0.99959,0
SPE01500295,1.00905,0.172451,0,0.863082,1.00905,0
SPE01500314,0.995614,-0.0818498,0,0.934782,0.995614,0
SPE01500328,0.0549329,-18.1481,0,0,0.0549329,0
SPE01500341,1.0088,0.171121,0,0.864234,1.0088,0
SPE01500353,0.0827501,-17.6187,0,0,0.0827501,0
SPE01500365,0.968164,-0.604501,0,0.545714,0.968164,0
SPE01500390,1.0121,0.207993,0,0.786934,1.0121,0
SPE01500284,0.979667,-0.369006,0,0.719196,0.979667,0
SPE01500303,1.02991,0.55877,0,0.580134,1.02991,0
SPE01500315,0.387683,-11.7967,0,2.27978e-25,0.387683,0
SPE01500330,0.870109,-2.46413,0,0.0149119,0.870109,0
SPE01500343,0.997095,-0.027984,0,0.738812,0.997095,0
SPE01500354,1.01042,0.195878,0,0.844798,1.01042,0
SPE01500368,1.00435,0.0637675,0,0.815706,1.00435,0
SPE01500396,1.00832,0.153326,0,0.878388,1.00832,0
SPE01500285,0.999028,-0.0313203,0,0.876432,0.999028,0
SPE01500304,0.991613,-0.136615,0,0.778524,0.991613,0
SPE01500316,1.0061,0.12251,0,0.902764,1.0061,0
SPE01500331,0.996593,-0.0557977,0,0.91124,0.996593,0
SPE01500344,1.00219,0.047392,0,0.945914,1.00219,0
SPE01500355,1.00793,0.160081,0,0.873534,1.00793,0
SPE01500372,1.00428,0.0661582,0,0.851852,1.00428,0
SPE01500397,1.012,0.216835,0,0.830146,1.012,0
SPE01500286,0.881771,-2.20456,0,0.057802,0.881771,0
SPE01500305,0.74254,-4.89834,0,1.21086e-06,0.74254,0
SPE01500321,1.0129,0.249337,0,0.80325,1.0129,0
SPE01500332,1.01843,0.33506,0,0.742572,1.01843,0
SPE01500345,0.972326,-0.509468,0,0.619168,0.972326,0
SPE01500356,1.02076,0.386931,0,0.70049,1.02076,0
SPE01500373,0.944499,-1.05538,0,0.291584,0.944499,0
SPE01500398,1.00607,0.0981619,0,0.831772,1.00607,0
SPE01500287,0.983137,-0.320096,0,0.748936,0.983137,0
SPE01500308,0.935662,-1.23874,0,0.220152,0.935662,0
SPE01500333,1.00437,0.085777,0,0.931674,1.00437,0
SPE01500346,1.02095,0.376318,0,0.717676,1.02095,0
SPE01500357,1.0087,0.174166,0,0.862426,1.0087,0
SPE01500401,1.02582,0.486159,0,0.627862,1.02582,0
SPE01502198,1.01503,0.279992,0,0.78019,1.01503,0
SPE01503110,0.967489,-0.592508,0,0.575154,0.967489,0
SPE01500606,1.01025,0.20172,0,0.840592,1.01025,0
SPE01500646,1.0002,0.000703349,0,0.96968,1.0002,0
SPE01503072,0.975662,-0.481115,0,0.637658,0.975662,0
SPE01503251,0.980447,-0.372092,0,0.709836,0.980447,0
SPE01503604,0.993209,-0.138639,0,0.890408,0.993209,0
SPE01503611,0.979162,-0.382427,0,0.706806,0.979162,0
SPE01503639,0.984005,-0.327326,0,0.752364,0.984005,0
SPE01504117,1.03859,0.753254,0,0.46123,1.03859,0
SPE00306001,1.04543,0.872613,0,0.384284,1.04543,0
SPE01401301,1.04743,0.936327,0,0.38419,1.04743,0
SPE01500291,0.724312,-5.29845,0,7.97334e-07,0.724312,0
SPE01503219,1.00963,0.191372,0,0.84888,1.00963,0
SPE01503265,0.66659,-6.38461,0,6.74964e-10,0.66659,0
SPE01503381,0.967746,-0.640204,0,0.541078,0.967746,0
SPE01503631,0.950982,-0.925188,0,0.358142,0.950982,0
SPE01503632,1.01533,0.294773,0,0.768262,1.01533,0
SPE00300563,0.784847,-4.11258,0,4.3888e-05,0.784847,0
SPE00305025,0.662344,-6.47396,0,7.20452e-10,0.662344,0
SPE01500391,1.05187,0.992764,0,0.321298,1.05187,0
SPE01503222,0.901617,-1.90459,0,0.0717036,0.901617,0
SPE01503278,0.871291,-2.47887,0,0.0172921,0.871291,0
SPE01503628,1.02639,0.504955,0,0.613666,1.02639,0
SPE01503952,1.06882,1.32801,0,0.192042,1.06882,0
SPE01800166,1.03948,0.773162,0,0.45317,1.03948,0
SPE01500220,0.926311,-1.40031,0,0.162187,0.926311,0
SPE01500543,1.05686,1.10741,0,0.28664,1.05686,0
SPE01502260,0.451588,-10.5127,0,3.34962e-23,0.451588,0
SPE01503221,0.908931,-1.75441,0,0.0863232,0.908931,0
SPE01503253,0.0705607,-17.8429,0,0,0.0705607,0
SPE01503346,1.02677,0.507412,0,0.612124,1.02677,0
SPE01503419,1.01806,0.351639,0,0.726104,1.01806,0
SPE01503422,0.990503,-0.179367,0,0.857682,0.990503,0
SPE01500570,1.01066,0.217037,0,0.830526,1.01066,0
SPE01500594,1.07493,1.45892,0,0.171156,1.07493,0
SPE01503032,1.04022,0.769985,0,0.441602,1.04022,0
SPE01503111,0.984722,-0.290687,0,0.771298,0.984722,0
SPE01503341,0.0702387,-17.8511,0,0,0.0702387,0
SPE01503423,0.999264,-0.0207933,0,0.934478,0.999264,0
SPE01503614,0.961847,-0.735831,0,0.464076,0.961847,0
SPE01503636,0.982827,-0.33758,0,0.737586,0.982827,0
SPE01500264,1.00067,0.0107224,0,0.980834,1.00067,0
SPE01501142,1.05106,0.966644,0,0.335494,1.05106,0
SPE01502255,1.05559,1.08125,0,0.295224,1.05559,0
SPE01503101,1.01309,0.242907,0,0.808716,1.01309,0
SPE01503273,0.995781,-0.0715095,0,0.913556,0.995781,0
SPE01503500,1.00859,0.175083,0,0.86232,1.00859,0
SPE01503633,0.936926,-1.2025,0,0.229176,0.936926,0
SPE01503638,0.984055,-0.321273,0,0.753274,0.984055,0
SPE01503017,1.03424,0.66822,0,0.511206,1.03424,0
SPE01503242,1.00741,0.134695,0,0.893194,1.00741,0
SPE01503244,0.96959,-0.595629,0,0.558632,0.96959,0
SPE01503297,0.976083,-0.470787,0,0.643124,0.976083,0
SPE01503429,0.98755,-0.250786,0,0.804526,0.98755,0
SPE01503603,1.01272,0.24495,0,0.80658,1.01272,0
SPE01505261,1.00313,0.0830874,0,0.776714,1.00313,0
SPE01800067,0.800627,-3.76946,0,0.000388344,0.800627,0
SPE01500700,1.07466,1.45026,0,0.167685,1.07466,0
SPE01503092,1.04091,0.812203,0,0.451232,1.04091,0
SPE01503260,0.992907,-0.133209,0,0.894062,0.992907,0
SPE01503270,0.996139,-0.0817516,0,0.9216,0.996139,0
SPE01503298,0.960959,-0.742218,0,0.458132,0.960959,0
SPE01503393,1.00198,0.052528,0,0.857494,1.00198,0
SPE01503403,0.366461,-12.1783,0,1.8246e-28,0.366461,0
SPE02300220,1.02815,0.547432,0,0.587234,1.02815,0
SPE01500358,1.04375,0.839347,0,0.402178,1.04375,0
SPE01500510,0.927811,-1.37301,0,0.170172,0.927811,0
SPE01503229,1.03929,0.761644,0,0.45145,1.03929,0
SPE01503237,1.0077,0.146954,0,0.883168,1.0077,0
SPE01503391,1.00377,0.0760317,0,0.939472,1.00377,0
SPE01503602,0.82068,-3.42181,0,0.000624642,0.82068,0
SPE01503610,0.0621277,-18.007,0,0,0.0621277,0
SPE01503635,0.831691,-3.24779,0,0.002783,0.831691,0
SPE01500292,1.02728,0.552164,0,0.608564,1.02728,0
SPE01500677,1.04426,0.847203,0,0.39724,1.04426,0
SPE01502155,1.03376,0.638272,0,0.52424,1.03376,0
SPE01503009,1.00231,0.0389071,0,0.949262,1.00231,0
SPE01503207,0.902843,-1.86148,0,0.0641334,0.902843,0
SPE01503373,0.972886,-0.527016,0,0.600852,0.972886,0
SPE01503626,1.02425,0.503968,0,0.6562,1.02425,0
SPE01503641,1.02195,0.419267,0,0.675028,1.02195,0
SPE01502001,0.97317,-0.521243,0,0.604656,0.97317,0
SPE01502018,0.946998,-0.987541,0,0.34243,0.946998,0
SPE01502059,0.957426,-0.783636,0,0.459812,0.957426,0
SPE01503070,0.961765,-0.74259,0,0.4637,0.961765,0
SPE01503105,1.0031,0.0555014,0,0.955782,1.0031,0
SPE01503206,0.994626,-0.114288,0,0.8866,0.994626,0
SPE01503214,1.0305,0.58724,0,0.557954,1.0305,0
SPE01503257,1.03901,0.739583,0,0.460208,1.03901,0
SPE01501201,0.941455,-1.12026,0,0.26311,0.941455,0
SPE01502084,0.940962,-1.1231,0,0.261664,0.940962,0
SPE01502153,0.951597,-0.933251,0,0.354384,0.951597,0
SPE01503041,1.02168,0.421371,0,0.674918,1.02168,0
SPE01503215,1.03253,0.632315,0,0.531556,1.03253,0
SPE01503227,0.166659,-15.9086,0,0,0.166659,0
SPE01503231,1.07632,1.45451,0,0.145832,1.07632,0
SPE01503267,1.05851,1.12395,0,0.263376,1.05851,0
SPE01502037,0.951045,-0.936287,0,0.349386,0.951045,0
SPE01502039,0.963242,-0.677288,0,0.515772,0.963242,0
SPE01502111,1.00377,0.0746093,0,0.94056,1.00377,0
SPE01502232,0.731726,-5.11582,0,3.12426e-07,0.731726,0
SPE01503115,0.92793,-1.39154,0,0.173202,0.92793,0
SPE01503127,0.072312,-17.8109,0,0,0.072312,0
SPE01503240,1.05505,1.04602,0,0.296056,1.05505,0
SPE01503252,1.07534,1.43165,0,0.153035,1.07534,0
SPE01502053,1.0168,0.338482,0,0.741162,1.0168,0
SPE01502089,0.957326,-0.805148,0,0.423308,0.957326,0
SPE01502107,1.01373,0.253833,0,0.800536,1.01373,0
SPE01503002,0.905839,-1.803,0,0.072508,0.905839,0
SPE01503043,1.00409,0.0835416,0,0.933566,1.00409,0
SPE01503086,1.02235,0.428362,0,0.66849,1.02235,0
SPE01503228,1.09131,1.74135,0,0.081623,1.09131,0
SPE01503250,1.07586,1.43322,0,0.157203,1.07586,0
SPE00231017,0.97278,-0.524563,0,0.600696,0.97278,0
SPE01501200,0.981293,-0.374363,0,0.714456,0.981293,0
SPE01502102,1.01151,0.230877,0,0.819134,1.01151,0
SPE01502108,0.887403,-2.14268,0,0.032408,0.887403,0
SPE01502249,0.944206,-1.08759,0,0.296306,0.944206,0
SPE01503108,1.08352,1.58529,0,0.114392,1.08352,0
SPE01503203,0.666706,-6.40459,0,3.05594e-09,0.666706,0
SPE01503243,1.07847,1.49739,0,0.134316,1.07847,0
SPE01502004,0.97464,-0.490432,0,0.625014,0.97464,0
SPE01502005,0.99531,-0.084028,0,0.933178,0.99531,0
SPE01502203,0.982795,-0.318332,0,0.751932,0.982795,0
SPE01503045,0.999834,-0.00296643,0,0.997634,0.999834,0
SPE01503065,1.00259,0.0462336,0,0.963152,1.00259,0
SPE01503117,1.03975,0.757557,0,0.448722,1.03975,0
SPE01503223,0.829283,-3.26544,0,0.00118339,0.829283,0
SPE01503230,1.09232,1.76695,0,0.0781136,1.09232,0
SPE01501215,1.00799,0.144087,0,0.88601,1.00799,0
SPE01502014,0.988691,-0.239174,0,0.78099,0.988691,0
SPE01502024,0.959911,-0.7643,0,0.44469,0.959911,0
SPE01502101,0.851524,-2.83697,0,0.00464428,0.851524,0
SPE01502106,1.00723,0.133654,0,0.89381,1.00723,0
SPE01503107,0.999659,-0.00712621,0,0.993948,0.999659,0
SPE01503121,1.03598,0.671169,0,0.509128,1.03598,0
SPE01503205,1.07213,1.37073,0,0.171191,1.07213,0
SPE01502015,0.936485,-1.23519,0,0.236056,0.936485,0
SPE01502028,1.00834,0.146265,0,0.87721,1.00834,0
SPE01502030,0.995677,-0.0943637,0,0.885242,0.995677,0
SPE01502062,1.01668,0.322449,0,0.747444,1.01668,0
SPE01502128,1.00437,0.090599,0,0.928096,1.00437,0
SPE01503104,1.05843,1.14944,0,0.29256,1.05843,0
SPE01503204,0.843056,-3.00652,0,0.00300176,0.843056,0
SPE01503262,1.10154,1.94411,0,0.052899,1.10154,0
SPE01502026,0.986315,-0.253814,0,0.800384,0.986315,0
SPE01502029,0.958794,-0.805266,0,0.433534,0.958794,0
SPE01502043,1.00379,0.100056,0,0.736846,1.00379,0
SPE01502050,0.955631,-0.836328,0,0.406314,0.955631,0
SPE01503042,0.819898,-3.43173,0,0.000604422,0.819898,0
SPE01503085,1.05731,1.10347,0,0.273818,1.05731,0
SPE01503106,0.70705,-5.55221,0,1.43772e-07,0.70705,0
SPE01503276,1.01276,0.260857,0,0.798762,1.01276,0
SPE01501192,0.988143,-0.22854,0,0.819304,0.988143,0
SPE01502012,1.00009,-0.00799515,0,0.905404,1.00009,0
SPE01502042,1.01534,0.2992,0,0.765534,1.01534,0
SPE01503069,0.987015,-0.224312,0,0.782094,0.987015,0
SPE01503073,0.987636,-0.220497,0,0.82843,0.987636,0
SPE01503102,1.10677,2.05929,0,0.0472952,1.10677,0
SPE01503134,1.01825,0.337224,0,0.738162,1.01825,0
SPE01503218,1.03864,0.699545,0,0.527438,1.03864,0
SPE01501144,0.949974,-0.938461,0,0.356578,0.949974,0
SPE01501155,1.03042,0.569876,0,0.571728,1.03042,0
SPE01501171,0.968075,-0.570825,0,0.607572,0.968075,0
SPE01501195,0.988479,-0.213809,0,0.831124,0.988479,0
SPE01502109,0.991214,-0.171441,0,0.864028,0.991214,0
SPE01502182,1.02273,0.426045,0,0.671346,1.02273,0
SPE01503080,1.00754,0.142283,0,0.886878,1.00754,0
SPE01503918,0.999015,-0.0101308,0,0.916232,0.999015,0
SPE01501145,1.02313,0.424741,0,0.677118,1.02313,0
SPE01501161,1.00458,0.0873597,0,0.930386,1.00458,0
SPE01501174,0.973473,-0.503506,0,0.614756,0.973473,0
SPE01501178,0.911503,-1.67765,0,0.0958516,0.911503,0
SPE01501198,0.671322,-6.28935,0,8.50262e-10,0.671322,0
SPE01501199,1.04195,0.799733,0,0.423868,1.04195,0
SPE01502044,1.00239,0.0397353,0,0.943772,1.00239,0
SPE01503806,0.859721,-2.68379,0,0.00760224,0.859721,0
SPE01501143,0.982972,-0.32488,0,0.745272,0.982972,0
SPE01501147,1.04336,0.813481,0,0.42209,1.04336,0
SPE01501149,0.984414,-0.269917,0,0.748588,0.984414,0
SPE01502031,0.984604,-0.284643,0,0.777214,0.984604,0
SPE01502041,0.998938,-0.0289839,0,0.915388,0.998938,0
SPE01502045,1.04359,0.831644,0,0.405614,1.04359,0
SPE01503053,1.02717,0.511522,0,0.610142,1.02717,0
SPE01503720,0.52565,-9.06907,0,7.60588e-19,0.52565,0
SPE01501152,1.04155,0.771033,0,0.455882,1.04155,0
SPE01501156,1.0071,0.129798,0,0.896972,1.0071,0
SPE01501191,0.0702341,-17.8518,0,0,0.0702341,0
SPE01501214,1.00114,0.0283386,0,0.935376,1.00114,0
SPE01502021,0.994235,-0.104594,0,0.916874,0.994235,0
SPE01502197,1.00695,0.129737,0,0.896838,1.00695,0
SPE01503074,0.0720751,-17.824,0,0,0.0720751,0
SPE02300100,1.01489,0.310782,0,0.756186,1.01489,0
SPE01501151,1.01105,0.210818,0,0.83303,1.01105,0
SPE01501170,0.937997,-1.17102,0,0.246108,0.937997,0
SPE01501172,0.965636,-0.648613,0,0.517992,0.965636,0
SPE01501173,1.06664,1.25496,0,0.217912,1.06664,0
SPE01501181,0.959417,-0.79782,0,0.44422,0.959417,0
SPE01502172,0.987082,-0.241633,0,0.809374,0.987082,0
SPE01503077,1.02376,0.442329,0,0.660986,1.02376,0
SPE01503279,0.985284,-0.281808,0,0.778112,0.985284,0
SPE01501150,1.00145,0.0275596,0,0.978014,1.00145,0
SPE01501154,0.981796,-0.347217,0,0.728428,0.981796,0
SPE01501180,1.0344,0.647119,0,0.519996,1.0344,0
SPE01501184,0.891015,-2.09711,0,0.0408266,0.891015,0
SPE01502175,1.03418,0.629964,0,0.5431,1.03418,0
SPE01503036,0.984409,-0.304918,0,0.761416,0.984409,0
SPE01503935,1.00804,0.151088,0,0.879946,1.00804,0
SPE01504094,1.00572,0.101824,0,0.91921,1.00572,0
SPE01501153,0.060044,-18.0505,0,0,0.060044,0
SPE01501157,0.993218,-0.115802,0,0.870096,0.993218,0
SPE01501185,0.0624477,-18.0054,0,0,0.0624477,0
SPE01501187,1.00287,0.047176,0,0.927038,1.00287,0
SPE01501203,1.103,1.94252,0,0.0602808,1.103,0
SPE01502196,1.01977,0.383937,0,0.702024,1.01977,0
SPE01502252,0.975564,-0.490124,0,0.638698,0.975564,0
SPE01503925,0.997955,-0.035244,0,0.963644,0.997955,0
SPE01501148,0.0606267,-18.0392,0,0,0.0606267,0
SPE01501194,0.97291,-0.498167,0,0.627112,0.97291,0
SPE01501217,1.04974,0.94507,0,0.345064,1.04974,0
SPE01502099,0.810676,-3.59469,0,0.000410058,0.810676,0
SPE01503051,0.986196,-0.252614,0,0.802194,0.986196,0
SPE01503076,1.02292,0.436786,0,0.662268,1.02292,0
SPE01503970,0.999186,-0.025493,0,0.90344,0.999186,0
SPE02300061,0.614778,-7.3479,0,2.03362e-13,0.614778,0
SPE01501146,1.00584,0.103502,0,0.917936,1.00584,0
SPE01501176,1.05497,1.07178,0,0.303146,1.05497,0
SPE01501205,1.02307,0.433367,0,0.66577,1.02307,0
SPE01502003,1.00768,0.151183,0,0.880032,1.00768,0
SPE01502085,1.01418,0.288956,0,0.778192,1.01418,0
SPE01502195,1.02185,0.425264,0,0.672302,1.02185,0
SPE01503975,1.00449,0.0797302,0,0.936614,1.00449,0
SPE02300325,0.971298,-0.556985,0,0.580142,0.971298,0
SPE01501140,1.04463,0.860591,0,0.392652,1.04463,0
SPE01501179,0.785238,-4.04924,0,0.000247868,0.785238,0
SPE01501182,0.99905,-0.00970171,0,0.918432,0.99905,0
SPE01502046,1.04902,0.924817,0,0.358676,1.04902,0
SPE01502150,0.965802,-0.684369,0,0.52585,0.965802,0
SPE01503084,0.870153,-2.48302,0,0.0133375,0.870153,0
SPE01503929,1.00926,0.190372,0,0.85112,1.00926,0
SPE02300094,0.944959,-1.05246,0,0.29287,0.944959,0
SPE01500534,1.00118,0.0215754,0,0.982788,1.00118,0
SPE01500541,1.01311,0.248306,0,0.803936,1.01311,0
SPE01500550,0.997423,-0.0661189,0,0.836726,0.997423,0
SPE01500551,0.985364,-0.234907,0,0.600788,0.985364,0
SPE01500555,0.978104,-0.404433,0,0.689664,0.978104,0
SPE01500558,0.990491,-0.176792,0,0.859886,0.990491,0
SPE01500567,1.02686,0.502892,0,0.617274,1.02686,0
SPE01500575,0.0699737,-17.8594,0,0,0.0699737,0
SPE01500494,1.00868,0.163147,0,0.870454,1.00868,0
SPE01500501,1.0098,0.192195,0,0.8479,1.0098,0
SPE01500507,0.991538,-0.160664,0,0.872362,0.991538,0
SPE01500512,0.920959,-1.46557,0,0.193381,0.920959,0
SPE01500519,0.9946,-0.0860318,0,0.837154,0.9946,0
SPE01500524,1.00112,0.0437857,0,0.784528,1.00112,0
SPE01500554,0.998509,-0.0410617,0,0.877956,0.998509,0
SPE01500556,1.0185,0.35568,0,0.722236,1.0185,0
SPE01500488,0.993916,-0.115724,0,0.907872,0.993916,0
SPE01500496,0.97859,-0.393468,0,0.698668,0.97859,0
SPE01500503,1.00755,0.108,0,0.663594,1.00755,0
SPE01500504,1.00196,0.0425122,0,0.950098,1.00196,0
SPE01500518,1.02439,0.448329,0,0.660592,1.02439,0
SPE01500521,0.774198,-4.31544,0,1.79561e-05,0.774198,0
SPE01500525,1.00186,0.0479557,0,0.87871,1.00186,0
SPE01500544,1.02001,0.379557,0,0.704356,1.02001,0
SPE01500436,1.00706,0.150328,0,0.850682,1.00706,0
SPE01500457,0.975575,-0.449109,0,0.65996,0.975575,0
SPE01500459,0.996181,-0.0594522,0,0.87099,0.996181,0
SPE01500460,0.994617,-0.0948192,0,0.924326,0.994617,0
SPE01500465,1.00547,0.111168,0,0.91179,1.00547,0
SPE01500478,1.02633,0.481635,0,0.640454,1.02633,0
SPE01500480,0.998111,-0.017189,0,0.818702,0.998111,0
SPE01500499,1.01482,0.245622,0,0.661674,1.01482,0
SPE01500462,1.01773,0.319307,0,0.755762,1.01773,0
SPE01500476,0.997012,-0.0708485,0,0.866328,0.997012,0
SPE01500477,1.01252,0.235443,0,0.814016,1.01252,0
SPE01500531,1.01201,0.233482,0,0.815642,1.01201,0
SPE01500539,1.00338,0.0701997,0,0.94417,1.00338,0
SPE01500545,0.991631,-0.146764,0,0.877244,0.991631,0
SPE01500548,0.998627,-0.0234763,0,0.973738,0.998627,0
SPE01500576,0.989564,-0.182837,0,0.846386,0.989564,0
SPE01500527,0.995084,-0.076347,0,0.832714,0.995084,0
SPE01500532,1.02497,0.459484,0,0.652668,1.02497,0
SPE01500546,1.00724,0.114799,0,0.778788,1.00724,0
SPE01500564,1.00437,0.0886304,0,0.929522,1.00437,0
SPE01500566,0.971254,-0.537974,0,0.593458,0.971254,0
SPE01500568,0.989864,-0.184701,0,0.854256,0.989864,0
SPE01500581,1.01464,0.267041,0,0.791658,1.01464,0
SPE01500586,1.00315,0.0723803,0,0.882022,1.00315,0
SPE01500428,0.997923,-0.0152241,0,0.766724,0.997923,0
SPE01500440,0.926874,-1.37024,0,0.189138,0.926874,0
SPE01500444,1.04359,0.818603,0,0.418506,1.04359,0
SPE01500453,0.984429,-0.305401,0,0.761288,0.984429,0
SPE01500582,0.997429,-0.0557815,0,0.934586,0.997429,0
SPE01500588,1.01323,0.223639,0,0.7341,1.01323,0
SPE01500589,1.01569,0.298758,0,0.76513,1.01569,0
SPE01500590,1.02092,0.411035,0,0.68425,1.02092,0
SPE01500441,0.982942,-0.313093,0,0.756822,0.982942,0
SPE01500443,1.00877,0.176258,0,0.86093,1.00877,0
SPE01500445,1.01206,0.211885,0,0.829056,1.01206,0
SPE01500447,0.999663,0.00590465,0,0.88064,0.999663,0
SPE01500464,1.03051,0.570032,0,0.572582,1.03051,0
SPE01500484,1.00914,0.160911,0,0.872202,1.00914,0
SPE01500509,0.989859,-0.193133,0,0.846856,0.989859,0
SPE01500511,1.01511,0.295705,0,0.768394,1.01511,0
SPE01500431,0.64349,-6.7581,0,1.8888e-10,0.64349,0
SPE01500437,0.92258,-1.448,0,0.171638,0.92258,0
SPE01500438,0.956222,-0.815717,0,0.427194,0.956222,0
SPE01500439,0.953249,-0.851519,0,0.448126,0.953249,0
SPE01500455,0.989752,-0.16965,0,0.757134,0.989752,0
SPE01500497,1.02341,0.425805,0,0.679826,1.02341,0
SPE01500549,1.0384,0.726387,0,0.46873,1.0384,0
SPE01500579,1.02112,0.389203,0,0.701014,1.02112,0
SPE01500434,1.03459,0.689145,0,0.518032,1.03459,0
SPE01500435,1.01953,0.402876,0,0.706616,1.01953,0
SPE01500456,0.0626953,-17.9986,0,0,0.0626953,0
SPE01500472,1.05388,1.05563,0,0.318804,1.05388,0
SPE01500523,1.05631,1.09365,0,0.287994,1.05631,0
SPE01500533,1.00985,0.203278,0,0.841676,1.00985,0
SPE01500583,0.995352,-0.0450311,0,0.596108,0.995352,0
SPE01500703,1.04814,0.90404,0,0.372824,1.04814,0
SPE01500422,1.01374,0.24979,0,0.804892,1.01374,0
SPE01500489,1.03253,0.609751,0,0.545324,1.03253,0
SPE01500508,0.813851,-3.60538,0,0.00170076,0.813851,0
SPE01500553,1.02646,0.519298,0,0.609304,1.02646,0
SPE01503801,0.968695,-0.605986,0,0.546928,0.968695,0
SPE01503902,1.04168,0.839238,0,0.466518,1.04168,0
SPE01503926,0.926331,-1.42162,0,0.163646,0.926331,0
SPE01503940,1.03862,0.763214,0,0.468944,1.03862,0
SPE01500411,1.00902,0.163853,0,0.87048,1.00902,0
SPE01500473,0.916476,-1.62399,0,0.129162,0.916476,0
SPE01500500,0.947287,-1.03706,0,0.335024,0.947287,0
SPE01500552,1.0306,0.582403,0,0.560334,1.0306,0
SPE01503804,0.986616,-0.255904,0,0.798032,0.986616,0
SPE01503818,1.02823,0.577367,0,0.605604,1.02823,0
SPE01503822,1.03822,0.727464,0,0.467014,1.03822,0
SPE01503919,1.05591,1.0843,0,0.289654,1.05591,0
SPE01500193,1.0306,0.620085,0,0.573854,1.0306,0
SPE01500408,1.00143,0.020967,0,0.938678,1.00143,0
SPE01500491,0.939734,-1.16681,0,0.253934,0.939734,0
SPE01500495,1.00047,-0.00332308,0,0.881946,1.00047,0
SPE01500522,0.632117,-7.06718,0,5.96308e-11,0.632117,0
SPE01503914,1.06016,1.17738,0,0.269802,1.06016,0
SPE01503945,0.0855506,-17.5583,0,0,0.0855506,0
SPE01503954,0.967069,-0.634721,0,0.526994,0.967069,0
SPE01500425,0.980105,-0.38776,0,0.699676,0.980105,0
SPE01500430,0.999001,-0.0306107,0,0.888164,0.999001,0
SPE01500433,0.983123,-0.319147,0,0.749746,0.983123,0
SPE01500520,0.951564,-0.94416,0,0.359874,0.951564,0
SPE01500538,1.0003,0.00176301,0,0.961236,1.0003,0
SPE01503802,1.04836,0.943266,0,0.36121,1.04836,0
SPE01503903,1.01057,0.215986,0,0.831584,1.01057,0
SPE01503913,1.02612,0.521591,0,0.616502,1.02612,0
SPE01500192,1.00635,0.128118,0,0.898434,1.00635,0
SPE01500195,1.05859,1.14406,0,0.277298,1.05859,0
SPE01500406,1.01047,0.188633,0,0.851702,1.01047,0
SPE01500410,0.994725,-0.0896223,0,0.894178,0.994725,0
SPE01500412,0.982096,-0.354842,0,0.726224,0.982096,0
SPE01500467,0.976099,-0.470489,0,0.64334,0.976099,0
SPE01500485,0.984868,-0.317375,0,0.738968,0.984868,0
SPE01503816,1.0467,0.903929,0,0.372244,1.0467,0
SPE01500418,0.996348,-0.0744554,0,0.94075,0.996348,0
SPE01500419,0.986098,-0.257605,0,0.79754,0.986098,0
SPE01500483,0.993959,-0.122067,0,0.903184,0.993959,0
SPE01500492,0.950474,-0.968496,0,0.35313,0.950474,0
SPE01500584,0.986883,-0.261448,0,0.795642,0.986883,0
SPE01503908,1.06148,1.18979,0,0.244568,1.06148,0
SPE01503991,1.05108,0.993374,0,0.333636,1.05108,0
SPE02300219,1.03567,0.68535,0,0.493934,1.03567,0
SPE01500414,0.850509,-2.88876,0,0.00800684,0.850509,0
SPE01500446,0.126272,-16.7795,0,0,0.126272,0
SPE01500517,0.954619,-0.873295,0,0.384672,0.954619,0
SPE01500547,1.00139,0.0138772,0,0.878432,1.00139,0
SPE01503931,1.08283,1.59518,0,0.117078,1.08283,0
SPE01503934,0.958201,-0.795803,0,0.426206,0.958201,0
SPE01504202,1.01581,0.291595,0,0.772204,1.01581,0
SPE02300165,0.0844913,-17.5829,0,0,0.0844913,0
SPE01500403,0.860602,-2.67207,0,0.00837974,0.860602,0
SPE01500448,1.01054,0.18795,0,0.85276,1.01054,0
SPE01500482,0.993826,-0.092959,0,0.764064,0.993826,0
SPE01500526,0.950615,-0.93801,0,0.348746,0.950615,0
SPE01500573,1.00445,0.083475,0,0.933482,1.00445,0
SPE01503906,0.126253,-16.7768,0,0,0.126253,0
SPE01503939,1.03152,0.594889,0,0.553044,1.03152,0
SPE01503951,1.06519,1.25649,0,0.214886,1.06519,0
SPE01500413,0.0606889,-18.033,0,0,0.0606889,0
SPE01500442,0.977256,-0.43742,0,0.662124,0.977256,0
SPE01500451,0.762954,-4.55971,0,2.24438e-05,0.762954,0
SPE01500557,0.0626097,-17.9966,0,0,0.0626097,0
SPE01500587,1.00513,0.122998,0,0.760948,1.00513,0
SPE01503007,1.04295,0.83388,0,0.411898,1.04295,0
SPE01503917,1.02128,0.405287,0,0.685274,1.02128,0
SPE01503985,0.985047,-0.310411,0,0.767138,0.985047,0
SPE01500415,0.980153,-0.363176,0,0.721148,0.980153,0
SPE01500487,0.996306,-0.0762619,0,0.939362,0.996306,0
SPE01500502,0.98385,-0.310687,0,0.756166,0.98385,0
SPE01500505,0.404551,-11.4263,0,2.1888e-26,0.404551,0
SPE01503094,0.955684,-0.855802,0,0.396086,0.955684,0
SPE01503428,1.03902,0.767457,0,0.46084,1.03902,0
SPE01503694,1.00569,0.103141,0,0.918022,1.00569,0
SPE01503932,1.01752,0.327978,0,0.743638,1.01752,0
SPE01500177,0.0692463,-17.8716,0,0,0.0692463,0
SPE01500183,1.01691,0.310467,0,0.758724,1.01691,0
SPE01500754,1.07785,1.50261,0,0.142216,1.07785,0
SPE01501118,0.874644,-2.39768,0,0.0169022,0.874644,0
SPE01503118,0.999582,-0.00392252,0,0.960784,0.999582,0
SPE01503921,1.0128,0.24539,0,0.80618,1.0128,0
SPE01504088,0.989355,-0.178023,0,0.764718,0.989355,0
SPE02300104,1.00067,0.00593662,0,0.933976,1.00067,0
SPE00211031,1.01468,0.278975,0,0.780278,1.01468,0
SPE01500869,1.05841,1.12024,0,0.26405,1.05841,0
SPE01500996,1.05128,0.99272,0,0.328682,1.05128,0
SPE01501000,0.900593,-1.89694,0,0.0578626,0.900593,0
SPE01503202,0.0706022,-17.8454,0,0,0.0706022,0
SPE01503678,1.04055,0.758344,0,0.455758,1.04055,0
SPE02300062,1.01352,0.243836,0,0.810086,1.01352,0
SPE02300161,0.900606,-1.922,0,0.0672712,0.900606,0
SPE01500180,1.02062,0.392084,0,0.695022,1.02062,0
SPE01500801,1.05897,1.14479,0,0.266544,1.05897,0
SPE01500841,1.11468,2.21073,0,0.0335212,1.11468,0
SPE01500844,1.00296,0.0501961,0,0.940092,1.00296,0
SPE01503650,0.885209,-2.2287,0,0.0436722,0.885209,0
SPE01504174,0.980423,-0.388352,0,0.702516,0.980423,0
SPE01504185,0.884685,-2.21516,0,0.0296662,0.884685,0
SPE02300147,1.02225,0.42517,0,0.670734,1.02225,0
SPE01500761,1.12789,2.45969,0,0.0169941,1.12789,0
SPE01500989,1.03327,0.635096,0,0.52538,1.03327,0
SPE01501008,0.986074,-0.275287,0,0.784564,0.986074,0
SPE01503920,0.907014,-1.78741,0,0.0781428,0.907014,0
SPE01503933,1.00629,0.138581,0,0.82325,1.00629,0
SPE01504116,0.811467,-3.6142,0,0.000416272,0.811467,0
SPE01504259,0.959608,-0.771256,0,0.440586,0.959608,0
SPE02300332,1.0195,0.362619,0,0.71857,1.0195,0
SPE01500802,1.05222,0.995483,0,0.319504,1.05222,0
SPE01500993,0.981025,-0.361988,0,0.717362,0.981025,0
SPE01500995,0.959647,-0.769554,0,0.441564,0.959647,0
SPE01500998,0.998961,-0.0213919,0,0.982936,0.998961,0
SPE01503974,0.987751,-0.212614,0,0.802976,0.987751,0
SPE01504079,0.0718644,-17.8357,0,0,0.0718644,0
SPE01504100,1.02478,0.488711,0,0.631652,1.02478,0
SPE02300176,0.97447,-0.501458,0,0.62157,0.97447,0
SPE01500760,1.05924,1.16052,0,0.278378,1.05924,0
SPE01500864,1.01494,0.296468,0,0.769088,1.01494,0
SPE01500992,0.977785,-0.444974,0,0.667002,0.977785,0
SPE01501007,1.11442,2.1877,0,0.029077,1.11442,0
SPE01504105,0.118751,-16.9248,0,0,0.118751,0
SPE02300270,0.983862,-0.308702,0,0.757564,0.983862,0
SPE02300345,0.997463,-0.0461859,0,0.963176,0.997463,0
SPE02300357,0.980886,-0.37736,0,0.709312,0.980886,0
SPE01500174,1.01137,0.224434,0,0.823182,1.01137,0
SPE01500758,1.02668,0.482404,0,0.646884,1.02668,0
SPE01500828,1.05483,1.03668,0,0.30274,1.05483,0
SPE01500938,1.00273,0.0411177,0,0.89456,1.00273,0
SPE01500999,1.02447,0.472348,0,0.637498,1.02447,0
SPE01503977,0.967799,-0.605107,0,0.547504,0.967799,0
SPE02300166,0.973749,-0.512353,0,0.612042,0.973749,0
SPE02300241,0.946061,-1.0211,0,0.309238,0.946061,0
SPE01500585,1.01412,0.276009,0,0.783238,1.01412,0
SPE01500767,0.661428,-6.49875,0,1.07018e-09,0.661428,0
SPE01500836,1.04025,0.764758,0,0.444698,1.04025,0
SPE01500994,0.723399,-5.31409,0,6.62738e-07,0.723399,0
SPE01501104,0.97885,-0.405612,0,0.685142,0.97885,0
SPE01503226,0.953212,-0.89616,0,0.370706,0.953212,0
SPE01503821,1.00438,0.106872,0,0.77761,1.00438,0
SPE01503922,0.985826,-0.260581,0,0.795814,0.985826,0
SPE01500810,0.71253,-5.51486,0,1.5699e-07,0.71253,0
SPE01500811,0.372905,-12.0389,0,9.1916e-29,0.372905,0
SPE01501004,1.01884,0.332449,0,0.752682,1.01884,0
SPE01501108,1.06184,1.18251,0,0.23734,1.06184,0
SPE01503941,0.944869,-1.01822,0,0.346898,0.944869,0
SPE01503973,1.00139,0.0372923,0,0.896256,1.00139,0
SPE01504002,0.345214,-12.5634,0,1.38118e-31,0.345214,0
SPE02300347,1.01117,0.197982,0,0.845624,1.01117,0
SPE00100007,1.00825,0.147045,0,0.884018,1.00825,0
SPE01500427,1.02918,0.566214,0,0.573908,1.02918,0
SPE01500756,0.958321,-0.793385,0,0.427624,0.958321,0
SPE01500774,0.997781,-0.0302409,0,0.883318,0.997781,0
SPE01500778,0.950167,-0.962934,0,0.341232,0.950167,0
SPE01503642,0.985357,-0.300011,0,0.77136,0.985357,0
SPE01504135,1.04955,0.95776,0,0.344056,1.04955,0
SPE02300296,0.991227,-0.144153,0,0.7804,0.991227,0
SPE01500597,1.04345,0.805834,0,0.437948,1.04345,0
SPE01500667,1.03877,0.715228,0,0.49311,1.03877,0
SPE01500669,0.744966,-4.91393,0,8.49866e-06,0.744966,0
SPE01500684,1.00513,0.0934038,0,0.925688,1.00513,0
SPE01501103,0.755648,-4.7057,0,1.68288e-05,0.755648,0
SPE01501110,0.851808,-2.84842,0,0.00589204,0.851808,0
SPE01501124,1.02133,0.38355,0,0.712498,1.02133,0
SPE01501130,1.02358,0.484347,0,0.657408,1.02358,0
SPE01500621,1.04732,0.902169,0,0.36697,1.04732,0
SPE01500623,0.0742012,-17.7777,0,0,0.0742012,0
SPE01500639,1.02697,0.49698,0,0.62698,1.02697,0
SPE01500709,0.862458,-2.6464,0,0.0107894,0.862458,0
SPE01500746,0.989317,-0.209657,0,0.83436,0.989317,0
SPE01501109,0.992166,-0.161067,0,0.873312,0.992166,0
SPE01501111,0.992661,-0.127758,0,0.882962,0.992661,0
SPE01501115,1.01249,0.243582,0,0.807966,1.01249,0
SPE01500592,1.00161,0.0352332,0,0.956034,1.00161,0
SPE01500599,1.05127,0.966472,0,0.338288,1.05127,0
SPE01500636,0.937745,-1.18208,0,0.238092,0.937745,0
SPE01500666,1.01568,0.312525,0,0.757856,1.01568,0
SPE01500678,0.994177,-0.108227,0,0.913866,0.994177,0
SPE01501002,0.943927,-1.0827,0,0.285272,0.943927,0
SPE01501021,1.00955,0.167379,0,0.858702,1.00955,0
SPE01504184,1.02884,0.558913,0,0.578454,1.02884,0
SPE01500598,0.997431,-0.0594779,0,0.898642,0.997431,0
SPE01500615,0.936875,-1.21585,0,0.228994,0.936875,0
SPE01500649,1.00769,0.159132,0,0.875012,1.00769,0
SPE01500656,1.01493,0.281623,0,0.778392,1.01493,0
SPE01500682,1.05146,0.977586,0,0.328768,1.05146,0
SPE01500865,0.996103,-0.0793805,0,0.93685,0.996103,0
SPE01500873,0.780525,-4.21771,0,6.72858e-05,0.780525,0
SPE01501005,1.02602,0.496839,0,0.619316,1.02602,0
SPE01500609,0.988993,-0.203831,0,0.838922,0.988993,0
SPE01500614,0.989906,-0.185524,0,0.85334,0.989906,0
SPE01500672,0.719351,-5.38277,0,2.77354e-07,0.719351,0
SPE01500689,1.01754,0.328921,0,0.742788,1.01754,0
SPE01500750,1.06281,1.18366,0,0.243378,1.06281,0
SPE01501127,1.02623,0.506197,0,0.613672,1.02623,0
SPE01501137,1.00899,0.183515,0,0.85594,1.00899,0
SPE01504136,0.927732,-1.38222,0,0.167415,0.927732,0
SPE01500605,0.964528,-0.704767,0,0.506334,0.964528,0
SPE01500629,0.99958,-0.000965957,0,0.931734,0.99958,0
SPE01500643,1.00412,0.08134,0,0.935208,1.00412,0
SPE01500663,1.00366,0.0616131,0,0.920952,1.00366,0
SPE01501011,0.998738,-0.0244785,0,0.980472,0.998738,0
SPE01501116,0.640074,-6.91379,0,1.42331e-10,0.640074,0
SPE01501119,1.07954,1.47333,0,0.195319,1.07954,0
SPE01501139,0.869816,-2.5046,0,0.015414,0.869816,0
SPE01500591,0.0849417,-17.5788,0,0,0.0849417,0
SPE01500624,0.996039,-0.0888623,0,0.87167,0.996039,0
SPE01500645,0.895702,-1.98289,0,0.0479906,0.895702,0
SPE01500670,1.01846,0.346051,0,0.729996,1.01846,0
SPE01501107,1.00716,0.13321,0,0.894114,1.00716,0
SPE01501114,0.85913,-2.70188,0,0.00789506,0.85913,0
SPE01501120,1.07246,1.35131,0,0.206154,1.07246,0
SPE01501132,1.0439,0.804481,0,0.45686,1.0439,0
SPE01500593,0.887963,-2.14948,0,0.0336952,0.887963,0
SPE01500632,0.962195,-0.689563,0,0.521166,0.962195,0
SPE01500633,0.254193,-14.3088,0,1.92295e-40,0.254193,0
SPE01500668,0.99072,-0.165121,0,0.870194,0.99072,0
SPE01500673,1.02407,0.450646,0,0.653924,1.02407,0
SPE01500752,1.03958,0.715173,0,0.523294,1.03958,0
SPE01501117,0.9848,-0.280524,0,0.780462,0.9848,0
SPE01501121,1.00502,0.127761,0,0.69921,1.00502,0
SPE01500596,0.914527,-1.66332,0,0.123496,0.914527,0
SPE01500601,1.03225,0.590018,0,0.573158,1.03225,0
SPE01500634,1.01323,0.245044,0,0.807148,1.01323,0
SPE01500675,1.01179,0.209188,0,0.837244,1.01179,0
SPE01500772,1.03719,0.677642,0,0.52888,1.03719,0
SPE01501003,1.01508,0.282483,0,0.777974,1.01508,0
SPE01501113,0.99779,-0.0208675,0,0.79581,0.99779,0
SPE01503339,0.994639,-0.0803819,0,0.790882,0.994639,0
SPE01500595,0.991714,-0.16408,0,0.87002,0.991714,0
SPE01500626,0.0854157,-17.5629,0,0,0.0854157,0
SPE01500657,0.982566,-0.298656,0,0.693888,0.982566,0
SPE01500665,1.00038,0.0106412,0,0.966366,1.00038,0
SPE01500764,1.02331,0.438594,0,0.661804,1.02331,0
SPE01501010,1.1181,2.25676,0,0.0242356,1.1181,0
SPE01501016,0.930341,-1.34947,0,0.191309,0.930341,0
SPE01501125,0.989739,-0.175588,0,0.80979,0.989739,0
SPE01500695,1.07267,1.39801,0,0.166661,1.07267,0
SPE01501026,0.885467,-2.1422,0,0.0554068,0.885467,0
SPE01504183,1.00448,0.0835329,0,0.933446,1.00448,0
SPE01504210,0.950659,-0.941723,0,0.346356,0.950659,0
SPE01504226,1.04163,0.794099,0,0.42714,1.04163,0
SPE01504261,0.86206,-2.64912,0,0.00970812,0.86206,0
SPE01504402,1.01364,0.3002,0,0.64062,1.01364,0
SPE01505209,1.00772,0.131071,0,0.846346,1.00772,0
SPE01500151,0.994822,-0.090468,0,0.920082,0.994822,0
SPE01500424,1.03264,0.63306,0,0.530062,1.03264,0
SPE01500648,1.02884,0.571822,0,0.580874,1.02884,0
SPE01501138,1.04826,0.922216,0,0.35655,1.04826,0
SPE01503421,0.559894,-8.39367,0,4.72346e-17,0.559894,0
SPE01504182,1.00561,0.0929169,0,0.865554,1.00561,0
SPE01504211,1.01933,0.375717,0,0.708178,1.01933,0
SPE01504263,0.916076,-1.59971,0,0.109679,0.916076,0
SPE00330071,0.946827,-1.00699,0,0.315714,0.946827,0
SPE01500618,0.801938,-3.78827,0,0.000173398,0.801938,0
SPE01501136,1.06462,1.25056,0,0.22217,1.06462,0
SPE01504212,0.243182,-14.5178,0,9.73902e-42,0.243182,0
SPE01504232,0.990004,-0.195913,0,0.844994,0.990004,0
SPE01504268,0.997143,-0.0593553,0,0.952752,0.997143,0
SPE01505200,1.05365,1.04769,0,0.31595,1.05365,0
SPE02300170,1.0318,0.618712,0,0.54064,1.0318,0
SPE01500206,1.01627,0.330482,0,0.74847,1.01627,0
SPE01500707,1.02926,0.574254,0,0.57327,1.02926,0
SPE01501134,0.939659,-1.14099,0,0.257206,0.939659,0
SPE01504099,1.03396,0.638502,0,0.525746,1.03396,0
SPE01504215,0.886818,-2.15333,0,0.031619,0.886818,0
SPE01504236,1.01398,0.269386,0,0.78775,1.01398,0
SPE01504272,0.881483,-2.26561,0,0.0237818,0.881483,0
SPE01505201,1.03085,0.59922,0,0.552498,1.03085,0
SPE01500262,0.0676528,-17.9055,0,0,0.0676528,0
SPE01500600,1.034,0.645728,0,0.518676,1.034,0
SPE01500702,1.04469,0.84642,0,0.398512,1.04469,0
SPE01504151,1.00786,0.155968,0,0.876398,1.00786,0
SPE01504216,0.932043,-1.31376,0,0.199236,0.932043,0
SPE01504237,0.801182,-3.79192,0,0.000149514,0.801182,0
SPE01504273,1.0107,0.213707,0,0.831942,1.0107,0
SPE01505202,0.969609,-0.569955,0,0.571344,0.969609,0
SPE01500293,0.895278,-2.01077,0,0.0472974,0.895278,0
SPE01501133,0.968022,-0.618436,0,0.538512,0.968022,0
SPE01502162,1.02163,0.425313,0,0.674412,1.02163,0
SPE01504152,1.02852,0.566201,0,0.585132,1.02852,0
SPE01504218,0.662121,-6.45326,0,1.44056e-10,0.662121,0
SPE01504244,1.01138,0.207128,0,0.83707,1.01138,0
SPE01504300,1.01699,0.327192,0,0.7437,1.01699,0
SPE01505203,1.00843,0.159957,0,0.87292,1.00843,0
SPE01500211,1.02727,0.53701,0,0.59905,1.02727,0
SPE01500765,1.02926,0.567782,0,0.57289,1.02926,0
SPE01504148,1.028,0.536253,0,0.591924,1.028,0
SPE01504153,1.02277,0.441707,0,0.659996,1.02277,0
SPE01504179,0.991786,-0.15188,0,0.879484,0.991786,0
SPE01504213,1.00822,0.156717,0,0.875468,1.00822,0
SPE01504258,0.96477,-0.677875,0,0.499004,0.96477,0
SPE01505204,1.01638,0.315889,0,0.752314,1.01638,0
SPE01500281,0.995649,-0.114087,0,0.706898,0.995649,0
SPE01500680,1.01306,0.241978,0,0.809488,1.01306,0
SPE01501009,0.980749,-0.364797,0,0.715372,0.980749,0
SPE01504171,1.02638,0.476754,0,0.650528,1.02638,0
SPE01504221,0.994186,-0.14074,0,0.719048,0.994186,0
SPE01504257,0.992703,-0.155316,0,0.845906,0.992703,0
SPE01504302,1.00043,0.00200276,0,0.940616,1.00043,0
SPE01505205,0.976621,-0.461927,0,0.650424,0.976621,0
SPE01500688,1.00801,0.211633,0,0.483418,1.00801,0
SPE01504173,0.98153,-0.345457,0,0.730632,0.98153,0
SPE01504190,1.10376,1.94474,0,0.072167,1.10376,0
SPE01504223,1.0227,0.434573,0,0.663932,1.0227,0
SPE01504235,1.00519,0.116419,0,0.833778,1.00519,0
SPE01504260,0.984233,-0.283986,0,0.780862,0.984233,0
SPE01504303,0.992391,-0.117524,0,0.738854,0.992391,0
SPE01505207,1.00416,0.0674005,0,0.884406,1.00416,0
SPE01500191,0.833584,-3.15224,0,0.0022357,0.833584,0
SPE01500395,1.02878,0.574468,0,0.584228,1.02878,0
SPE01501135,0.957334,-0.804963,0,0.42343,0.957334,0
SPE01504205,1.03249,0.58491,0,0.592164,1.03249,0
SPE01504225,0.808471,-3.65204,0,0.000260234,0.808471,0
SPE01504401,0.985005,-0.291447,0,0.771206,0.985005,0
SPE01505208,1.02421,0.47696,0,0.639222,1.02421,0
SPE01505210,1.00503,0.0916657,0,0.927058,1.00503,0
SPE00211118,0.881696,-2.3049,0,0.0454078,0.881696,0
SPE01500382,0.983039,-0.359462,0,0.68124,0.983039,0
SPE01500651,0.999022,-0.0254132,0,0.934374,0.999022,0
SPE01503324,1.03268,0.633841,0,0.529656,1.03268,0
SPE01503923,1.00311,0.0603426,0,0.951886,1.00311,0
SPE01504095,1.02668,0.510893,0,0.609548,1.02668,0
SPE01505214,1.02052,0.430512,0,0.663916,1.02052,0
SPE01505252,0.959914,-0.737111,0,0.485294,0.959914,0
SPE00300553,0.992993,-0.12694,0,0.89932,0.992993,0
SPE01500394,0.990792,-0.175595,0,0.860612,0.990792,0
SPE01500603,0.073613,-17.793,0,0,0.073613,0
SPE01500607,1.02134,0.418225,0,0.67867,1.02134,0
SPE01500763,1.00287,0.0584701,0,0.953424,1.00287,0
SPE01503239,0.937921,-1.20453,0,0.242978,0.937921,0
SPE01503947,1.02735,0.518252,0,0.604574,1.02735,0
SPE02300336,0.965134,-0.676843,0,0.50302,0.965134,0
SPE01500572,0.0638144,-17.9715,0,0,0.0638144,0
SPE01500804,0.99584,-0.084348,0,0.932904,0.99584,0
SPE01501183,0.398413,-11.552,0,1.76604e-26,0.398413,0
SPE01503014,1.00425,0.102935,0,0.79087,1.00425,0
SPE01503245,1.02414,0.452545,0,0.65234,1.02414,0
SPE01504101,0.992888,-0.151144,0,0.851988,0.992888,0
SPE01504229,1.01843,0.365999,0,0.718556,1.01843,0
SPE02300137,1.00988,0.185735,0,0.852728,1.00988,0
SPE00240929,0.855959,-2.78131,0,0.0097571,0.855959,0
SPE01500771,0.985854,-0.26494,0,0.791406,0.985854,0
SPE01501175,0.997109,-0.0594205,0,0.952682,0.997109,0
SPE01502068,0.971162,-0.551239,0,0.581516,0.971162,0
SPE01503038,1.03427,0.671542,0,0.512036,1.03427,0
SPE01503254,1.03435,0.673347,0,0.511192,1.03435,0
SPE01503600,1.01477,0.283541,0,0.776814,1.01477,0
SPE02300063,0.979002,-0.421684,0,0.68338,0.979002,0
SPE01501126,1.00947,0.188076,0,0.851422,1.00947,0
SPE01503078,0.995359,-0.115443,0,0.744668,0.995359,0
SPE01503269,1.01316,0.299787,0,0.570296,1.01316,0
SPE01504209,0.990363,-0.169927,0,0.866952,0.990363,0
SPE01504231,0.955507,-0.862037,0,0.39507,0.955507,0
SPE01505212,1.02469,0.462566,0,0.645338,1.02469,0
SPE02300009,1.00739,0.13039,0,0.897094,1.00739,0
SPE02300193,1.00235,0.0545599,0,0.906236,1.00235,0
SPE00200489,0.982826,-0.339113,0,0.737052,0.982826,0
SPE00240609,0.995707,-0.0886606,0,0.929592,0.995707,0
SPE01500400,0.971038,-0.557626,0,0.577894,0.971038,0
SPE01500704,0.987481,-0.228608,0,0.82052,0.987481,0
SPE01500909,1.0034,0.0673093,0,0.94636,1.0034,0
SPE01503100,1.03374,0.663702,0,0.519636,1.03374,0
SPE01503304,1.04179,0.801736,0,0.423502,1.04179,0
SPE01505215,0.98871,-0.220337,0,0.825928,0.98871,0
SPE00100648,0.94095,-1.13906,0,0.26055,0.94095,0
SPE01502092,1.01474,0.283053,0,0.777198,1.01474,0
SPE01503114,1.00629,0.109206,0,0.896218,1.00629,0
SPE01503322,0.0636471,-17.9753,0,0,0.0636471,0
SPE01504150,1.00895,0.176383,0,0.860318,1.00895,0
SPE01505216,1.03492,0.691758,0,0.510204,1.03492,0
SPE01505256,1.00787,0.13988,0,0.889588,1.00787,0
SPE02300192,0.966493,-0.646984,0,0.519618,0.966493,0
SPE00211477,1.00133,0.000446578,0,0.762606,1.00133,0
SPE00330004,1.02704,0.490698,0,0.639296,1.02704,0
SPE01500515,1.00336,0.0485884,0,0.85046,1.00336,0
SPE01502082,0.992755,-0.137121,0,0.890944,0.992755,0
SPE01503142,1.03056,0.601214,0,0.55761,1.03056,0
SPE01503609,1.00785,0.147883,0,0.882466,1.00785,0
SPE01504206,0.997687,-0.0597146,0,0.849756,0.997687,0
SPE01505213,1.03397,0.650899,0,0.515408,1.03397,0
SPE00300049,0.694259,-5.88326,0,7.92578e-08,0.694259,0
SPE01401414,1.01745,0.347464,0,0.732394,1.01745,0
SPE01500490,1.02419,0.473741,0,0.639548,1.02419,0
SPE01502103,0.938398,-1.19842,0,0.249862,0.938398,0
SPE01503136,1.01192,0.28016,0,0.535726,1.01192,0
SPE01503912,1.02067,0.418049,0,0.688456,1.02067,0
SPE01503978,1.01809,0.333703,0,0.740936,1.01809,0
SPE02300242,0.948371,-0.985474,0,0.32442,0.948371,0
SPE01500319,0.857183,-2.77654,0,0.016814,0.857183,0
SPE01502010,1.0479,0.924191,0,0.35944,1.0479,0
SPE01502110,1.03768,0.746843,0,0.481348,1.03768,0
SPE01503200,0.0636421,-17.9731,0,0,0.0636421,0
SPE01503904,0.774297,-4.35164,0,8.04734e-05,0.774297,0
SPE01504142,1.0391,0.712236,0,0.51168,1.0391,0
SPE01505211,1.06223,1.18305,0,0.23727,1.06223,0
SPE02300205,0.949467,-0.992407,0,0.349952,0.949467,0
SPE00240932,0.755947,-4.71396,0,3.3556e-05,0.755947,0
SPE01500732,1.0541,1.03559,0,0.300942,1.0541,0
SPE01502006,0.986782,-0.274868,0,0.789354,0.986782,0
SPE01504234,0.26871,-14.0522,0,1.37125e-37,0.26871,0
SPE01504739,0.970845,-0.546346,0,0.587412,0.970845,0
SPE01505230,0.986838,-0.25511,0,0.798884,0.986838,0
SPE01505234,0.974813,-0.476081,0,0.634468,0.974813,0
SPE01505240,1.05228,1.00335,0,0.317128,1.05228,0
SPE00300056,0.985016,-0.27345,0,0.786846,0.985016,0
SPE00300384,0.95066,-0.956585,0,0.347486,0.95066,0
SPE00330007,0.910474,-1.72348,0,0.0908388,0.910474,0
SPE01500833,1.00985,0.190539,0,0.848972,1.00985,0
SPE01502254,0.0778929,-17.7163,0,0,0.0778929,0
SPE01503383,0.996487,-0.0672634,0,0.946372,0.996487,0
SPE01505222,1.08343,1.59705,0,0.111205,1.08343,0
SPE01505235,0.793632,-3.95142,0,0.000102663,0.793632,0
SPE00208014,1.00892,0.172044,0,0.863444,1.00892,0
SPE00210397,0.97582,-0.469962,0,0.640316,0.97582,0
SPE00231043,0.98308,-0.329411,0,0.74268,0.98308,0
SPE00330001,0.899479,-1.88635,0,0.0769898,0.899479,0
SPE00410012,0.994371,-0.111642,0,0.911228,0.994371,0
SPE01500911,1.06177,1.20726,0,0.2563,1.06177,0
SPE01503999,1.06569,1.28906,0,0.24004,1.06569,0
SPE01504006,0.978398,-0.411509,0,0.680704,0.978398,0
SPE00201650,0.995827,-0.0620457,0,0.83132,0.995827,0
SPE00210970,1.00169,0.0421445,0,0.904328,1.00169,0
SPE00240889,1.04875,0.93404,0,0.350954,1.04875,0
SPE00300017,1.06094,1.18603,0,0.255092,1.06094,0
SPE00300062,1.07335,1.42918,0,0.180687,1.07335,0
SPE00330002,1.00185,0.0242941,0,0.894138,1.00185,0
SPE00330009,0.988692,-0.218121,0,0.827412,0.988692,0
SPE01500641,0.889968,-2.08414,0,0.0399942,0.889968,0
SPE00201081,0.880336,-2.292,0,0.0228802,0.880336,0
SPE00211076,0.714462,-5.47516,0,1.61943e-07,0.714462,0
SPE00211231,0.980736,-0.355853,0,0.724556,0.980736,0
SPE01500775,1.0179,0.328024,0,0.746142,1.0179,0
SPE01502038,1.01805,0.344843,0,0.73022,1.01805,0
SPE01502040,1.01055,0.203524,0,0.83879,1.01055,0
SPE01503712,0.978052,-0.408159,0,0.685546,0.978052,0
SPE01900003,0.967728,-0.624382,0,0.534798,0.967728,0
SPE00107100,0.869621,-2.50653,0,0.0148345,0.869621,0
SPE00201138,0.943037,-1.09175,0,0.275998,0.943037,0
SPE00205071,0.158848,-16.1281,0,0,0.158848,0
SPE00330003,1.07993,1.55677,0,0.148014,1.07993,0
SPE01500659,1.02215,0.431378,0,0.668054,1.02215,0
SPE01600716,1.08777,1.70018,0,0.105428,1.08777,0
SPE01900005,1.04351,0.844615,0,0.405936,1.04351,0
SPE02300292,0.985477,-0.276169,0,0.782428,0.985477,0
SPE00300060,0.956565,-0.861432,0,0.426344,0.956565,0
SPE01500674,0.668824,-6.34011,0,7.74938e-10,0.668824,0
SPE01501189,0.990682,-0.188214,0,0.85191,0.990682,0
SPE01502117,1.00651,0.133737,0,0.894328,1.00651,0
SPE01504214,1.06152,1.19166,0,0.245024,1.06152,0
SPE01505265,0.999189,-0.0205452,0,0.950814,0.999189,0
SPE02300259,0.976145,-0.467069,0,0.644078,0.976145,0
SPE02300318,1.00959,0.197413,0,0.845922,1.00959,0
SPE00201125,0.967235,-0.657041,0,0.542526,0.967235,0
SPE00201508,1.00263,0.0609194,0,0.895392,1.00263,0
SPE01500374,1.08058,1.55103,0,0.126538,1.08058,0
SPE01501105,0.992045,-0.148548,0,0.881998,0.992045,0
SPE01503640,0.536045,-8.91083,0,1.91637e-16,0.536045,0
SPE01503676,0.809864,-3.67872,0,0.00120331,0.809864,0
SPE01505241,1.02758,0.525407,0,0.59931,1.02758,0
SPE02300204,0.953107,-0.920929,0,0.381936,0.953107,0
SPE00210738,1.01158,0.217649,0,0.827832,1.01158,0
SPE00300048,0.987154,-0.24195,0,0.808946,0.987154,0
SPE00300554,1.02494,0.484063,0,0.630138,1.02494,0
SPE01500530,1.06755,1.33315,0,0.245724,1.06755,0
SPE01500813,1.01695,0.338471,0,0.739316,1.01695,0
SPE01500814,1.11169,2.19285,0,0.0782788,1.11169,0
SPE01500876,0.977901,-0.457635,0,0.677714,0.977901,0
SPE01503606,0.951085,-0.930818,0,0.352092,0.951085,0
SPE00100199,1.02948,0.582679,0,0.572204,1.02948,0
SPE00102034,0.995698,-0.092868,0,0.895626,0.995698,0
SPE01500637,0.131841,-16.6538,0,0,0.131841,0
SPE01500644,0.0754634,-17.7509,0,0,0.0754634,0
SPE01500817,1.00424,0.131357,0,0.542862,1.00424,0
SPE01500872,0.97831,-0.441831,0,0.676912,0.97831,0
SPE01501018,1.01678,0.338919,0,0.741374,1.01678,0
SPE01504253,1.01723,0.309348,0,0.763376,1.01723,0
SPE00100398,0.940698,-1.17698,0,0.309934,0.940698,0
SPE00300340,0.999634,0.0262884,0,0.685768,0.999634,0
SPE01500399,1.01456,0.282423,0,0.777978,1.01456,0
SPE01504252,0.804643,-3.70843,0,0.000277246,0.804643,0
SPE01505249,1.07122,1.38147,0,0.184029,1.07122,0
SPE01505253,1.02656,0.471854,0,0.66575,1.02656,0
SPE01505255,1.04486,0.882871,0,0.403162,1.04486,0
SPE01900002,0.915947,-1.58106,0,0.126621,0.915947,0
SPE00100286,1.04261,0.798011,0,0.432042,1.04261,0
SPE00100604,0.940459,-1.13321,0,0.257304,0.940459,0
SPE00200061,0.936613,-1.19352,0,0.24073,0.936613,0
SPE00200428,1.01824,0.365332,0,0.720962,1.01824,0
SPE00201092,0.602916,-7.61665,0,7.20844e-13,0.602916,0
SPE00201448,0.674276,-6.25193,0,4.15792e-09,0.674276,0
SPE00201515,0.448736,-10.5527,0,3.82966e-24,0.448736,0
SPE01900004,1.06315,1.20456,0,0.228376,1.06315,0
SPE00100035,0.98741,-0.254816,0,0.801996,0.98741,0
SPE00100575,1.05033,0.996535,0,0.365732,1.05033,0
SPE00100577,0.990048,-0.186909,0,0.851822,0.990048,0
SPE00202175,0.909725,-1.71016,0,0.0902894,0.909725,0
SPE00330006,0.310692,-13.2236,0,6.4702e-35,0.310692,0
SPE01500690,1.0079,0.145157,0,0.884846,1.0079,0
SPE01504085,1.05567,1.06469,0,0.287336,1.05567,0
SPE01900006,1.04488,0.847889,0,0.398754,1.04488,0
SPE01503330,1.06673,1.27248,0,0.203202,1.06673,0
SPE01503412,1.07515,1.4305,0,0.152789,1.07515,0
SPE01503648,0.98884,-0.209088,0,0.834548,0.98884,0
SPE01503679,0.962899,-0.715879,0,0.476346,0.962899,0
SPE01503936,0.989323,-0.195509,0,0.845736,0.989323,0
SPE01504036,0.957947,-0.795904,0,0.427346,0.957947,0
SPE01504068,1.02209,0.418108,0,0.676096,1.02209,0
SPE01504188,0.987711,-0.22058,0,0.827818,0.987711,0
SPE00400011,1.01556,0.296003,0,0.767236,1.01556,0
SPE01502023,0.936552,-1.21058,0,0.226068,0.936552,0
SPE01503216,1.06313,1.19918,0,0.23122,1.06313,0
SPE01503984,0.957204,-0.841618,0,0.422254,0.957204,0
SPE01504243,0.949232,-0.977989,0,0.331522,0.949232,0
SPE01505219,1.01255,0.212995,0,0.753306,1.01255,0
SPE02300263,0.994317,-0.0978995,0,0.898982,0.994317,0
SPE02300348,1.01273,0.258254,0,0.79971,1.01273,0
SPE01500613,1.01589,0.307719,0,0.758666,1.01589,0
SPE01503416,1.07323,1.40571,0,0.162378,1.07323,0
SPE01503432,0.0823316,-17.6216,0,0,0.0823316,0
SPE01503607,0.990869,-0.167712,0,0.867212,0.990869,0
SPE01503647,0.96486,-0.647853,0,0.532246,0.96486,0
SPE01504020,0.991789,-0.159185,0,0.873586,0.991789,0
SPE01600652,0.838767,-3.18252,0,0.0306452,0.838767,0
SPE02300229,1.10136,1.94607,0,0.054594,1.10136,0
SPE01500779,0.881301,-2.27799,0,0.0248064,0.881301,0
SPE01501188,0.0784952,-17.6943,0,0,0.0784952,0
SPE01501202,1.08004,1.53692,0,0.127396,1.08004,0
SPE01501204,0.844206,-2.98858,0,0.00344098,0.844206,0
SPE01502034,1.03253,0.624898,0,0.532656,1.03253,0
SPE01502047,1.01304,0.236957,0,0.814578,1.01304,0
SPE01502057,1.00584,0.114223,0,0.909114,1.00584,0
SPE01502096,1.0695,1.28959,0,0.2389,1.0695,0
SPE01502013,0.952336,-0.905133,0,0.365918,0.952336,0
SPE01502112,0.0687834,-17.878,0,0,0.0687834,0
SPE01502123,1.11494,2.1952,0,0.0282706,1.11494,0
SPE01502127,1.06383,1.22964,0,0.224058,1.06383,0
SPE01502130,1.04463,0.861802,0,0.39281,1.04463,0
SPE01502131,0.955155,-0.88926,0,0.413608,0.955155,0
SPE01502143,0.978134,-0.451146,0,0.678846,0.978134,0
SPE01502186,1.01108,0.183243,0,0.73658,1.01108,0
SPE00100513,0.791717,-4.0296,0,0.000436552,0.791717,0
SPE00300050,0.0926929,-17.428,0,0,0.0926929,0
SPE01502095,1.08826,1.73881,0,0.152051,1.08826,0
SPE01502194,1.0899,1.73103,0,0.089682,1.0899,0
SPE01502243,1.05027,0.962722,0,0.33625,1.05027,0
SPE01502247,0.753342,-4.7548,0,1.77917e-05,0.753342,0
SPE01503006,0.0771416,-17.724,0,0,0.0771416,0
SPE01503083,0.896381,-1.95754,0,0.056136,0.896381,0
SPE00307023,0.98318,-0.321308,0,0.747982,0.98318,0
SPE00310003,0.968378,-0.60018,0,0.548628,0.968378,0
SPE01500381,0.759461,-4.60333,0,6.03876e-06,0.759461,0
SPE01500404,0.983185,-0.336948,0,0.741094,0.983185,0
SPE01501196,1.09897,1.86874,0,0.0683384,1.09897,0
SPE01502070,1.02336,0.441628,0,0.659092,1.02336,0
SPE01503263,1.09917,1.92151,0,0.0712944,1.09917,0
SPE01503989,1.1235,2.34106,0,0.021008,1.1235,0
SPE01500252,1.01436,0.236381,0,0.656686,1.01436,0
SPE01500375,0.0771664,-17.7178,0,0,0.0771664,0
SPE01500536,1.0536,1.04221,0,0.311648,1.0536,0
SPE01500604,0.960449,-0.794251,0,0.479318,0.960449,0
SPE01500642,0.95651,-0.793544,0,0.469784,0.95651,0
SPE01504070,1.01525,0.324269,0,0.69961,1.01525,0
SPE01504403,0.909129,-1.73984,0,0.0829608,0.909129,0
SPE02300086,1.04723,0.917666,0,0.368892,1.04723,0
SPE00330005,1.01161,0.229639,0,0.81927,1.01161,0
SPE01500685,1.04459,0.831483,0,0.417824,1.04459,0
SPE01500691,1.03669,0.70493,0,0.481766,1.03669,0
SPE01500736,0.689862,-5.95461,0,2.30642e-08,0.689862,0
SPE01500762,0.97217,-0.500382,0,0.640096,0.97217,0
SPE01500818,0.968297,-0.584391,0,0.57066,0.968297,0
SPE01500908,0.562767,-8.38264,0,2.21972e-15,0.562767,0
SPE10100003,0.289182,-13.6592,0,1.338e-35,0.289182,0
SPE00300015,1.03583,0.693602,0,0.491298,1.03583,0
SPE00500019,1.05905,1.11291,0,0.271832,1.05905,0
SPE01502002,0.573107,-8.19862,0,3.24662e-14,0.573107,0
SPE01502016,1.01524,0.293176,0,0.7695,1.01524,0
SPE01502177,1.01152,0.235559,0,0.817136,1.01152,0
SPE01503998,0.976023,-0.465871,0,0.643142,0.976023,0
SPE02300307,0.987663,-0.262353,0,0.750176,0.987663,0
SPE10100004,0.858609,-2.70147,0,0.00701154,0.858609,0
SPE00300537,0.997034,-0.0482642,0,0.919662,0.997034,0
SPE01500580,1.00791,0.163615,0,0.871592,1.00791,0
SPE01500687,1.06003,1.15414,0,0.251464,1.06003,0
SPE01502202,0.173117,-15.8844,0,0,0.173117,0
SPE01503629,0.101573,-17.2562,0,0,0.101573,0
SPE01504143,0.4832,-9.88796,0,1.11347e-21,0.4832,0
SPE01600568,0.98067,-0.365916,0,0.714576,0.98067,0
SPE02300078,1.08702,1.65865,0,0.0972042,1.08702,0
SPE00200035,0.927357,-1.43256,0,0.217856,0.927357,0
SPE00201727,1.06443,1.2232,0,0.222302,1.06443,0
SPE00211097,1.02521,0.472092,0,0.63877,1.02521,0
SPE00330008,0.850578,-2.84624,0,0.00445542,0.850578,0
SPE01500829,0.93163,-1.29556,0,0.1974,0.93163,0
SPE01504138,0.942048,-1.0914,0,0.281792,0.942048,0
SPE01600654,1.0269,0.538574,0,0.607678,1.0269,0
SPE02300214,1.01903,0.367764,0,0.713522,1.01903,0
SPE00240449,0.959559,-0.762252,0,0.448612,0.959559,0
SPE01500699,1.07239,1.36559,0,0.17904,1.07239,0
SPE01500739,0.709849,-5.54365,0,3.73664e-08,0.709849,0
SPE01500753,1.05469,1.05821,0,0.298132,1.05469,0
SPE01500855,1.00884,0.159695,0,0.873856,1.00884,0
SPE01503209,1.00038,0.0190943,0,0.885146,1.00038,0
SPE01503637,0.200023,-15.3295,0,0,0.200023,0
SPE01503986,0.774608,-4.30326,0,1.74267e-05,0.774608,0
SPE00210924,1.00324,0.0721254,0,0.900498,1.00324,0
SPE00211009,0.9705,-0.545211,0,0.59389,0.9705,0
SPE00211425,1.08139,1.57645,0,0.130657,1.08139,0
SPE00211473,0.98051,-0.394107,0,0.70415,0.98051,0
SPE01500277,0.97329,-0.504744,0,0.614302,0.97329,0
SPE01500867,1.02475,0.467705,0,0.640442,1.02475,0
SPE01800052,1.02524,0.453533,0,0.668362,1.02524,0
SPE01800065,1.02103,0.407427,0,0.684584,1.02103,0
SPE00240485,1.00999,0.198212,0,0.843544,1.00999,0
SPE00240574,0.96643,-0.658342,0,0.520518,0.96643,0
SPE00300391,1.08366,1.5897,0,0.112759,1.08366,0
SPE00300404,0.973176,-0.511935,0,0.6087,0.973176,0
SPE00501332,0.987933,-0.229383,0,0.818578,0.987933,0
SPE01401019,0.946334,-1.03393,0,0.305102,0.946334,0
SPE01401406,0.951701,-0.935891,0,0.357116,0.951701,0
SPE01502060,1.00812,0.149531,0,0.881382,1.00812,0
SPE00100470,0.985365,-0.290383,0,0.77361,0.985365,0
SPE00200215,1.00733,0.121509,0,0.826122,1.00733,0
SPE00390001,0.953021,-0.90323,0,0.368302,0.953021,0
SPE01500706,1.02645,0.578694,0,0.441196,1.02645,0
SPE01502069,1.07737,1.48947,0,0.141964,1.07737,0
SPE01502116,1.00722,0.132189,0,0.895074,1.00722,0
SPE01503627,0.935167,-1.22909,0,0.220848,0.935167,0
SPE02300334,1.02463,0.472378,0,0.63684,1.02463,0
SPE00100326,1.01768,0.298908,0,0.655632,1.01768,0
SPE00501100,1.04169,0.796674,0,0.425734,1.04169,0
SPE01503081,0.975422,-0.46149,0,0.645724,0.975422,0
SPE01503630,0.995835,-0.0555739,0,0.77197,0.995835,0
SPE01504189,0.96287,-0.710513,0,0.47758,0.96287,0
SPE01505244,1.04879,0.916586,0,0.36609,1.04879,0
SPE02300103,1.0435,0.847852,0,0.40816,1.0435,0
SPE02300116,1.00318,0.0800141,0,0.813682,1.00318,0
SPE00330019,1.0222,0.366732,0,0.519756,1.0222,0
SPE00330029,1.01041,0.209757,0,0.835368,1.01041,0
SPE00330039,1.00198,0.0903382,0,0.524706,1.00198,0
SPE00330049,1.0484,1.02037,0,0.448256,1.0484,0
SPE00330060,1.02211,0.412372,0,0.681976,1.02211,0
SPE00330072,0.878705,-2.34055,0,0.0261156,0.878705,0
SPE00330083,0.872018,-2.43208,0,0.0155638,0.872018,0
SPE01502075,0.982693,-0.415965,0,0.336502,0.982693,0
SPE00330010,0.998416,-0.00257438,0,0.736692,0.998416,0
SPE00330020,1.03852,0.735533,0,0.462048,1.03852,0
SPE00330030,0.982923,-0.346232,0,0.737188,0.982923,0
SPE00330040,1.03325,0.621428,0,0.539084,1.03325,0
SPE00330051,0.943604,-1.07698,0,0.281568,0.943604,0
SPE00330061,0.999888,0.0168651,0,0.817248,0.999888,0
SPE00330073,0.984224,-0.267775,0,0.69782,0.984224,0
SPE00330085,0.101907,-17.234,0,0,0.101907,0
SPE00330011,0.996383,0.0523222,0,0.140492,0.996383,0
SPE00330021,1.07183,1.35289,0,0.185208,1.07183,0
SPE00330031,1.07463,1.37482,0,0.240916,1.07463,0
SPE00330041,0.997276,-0.0772732,0,0.758726,0.997276,0
SPE00330052,0.988565,-0.247973,0,0.724244,0.988565,0
SPE00330075,0.912673,-1.63988,0,0.117377,0.912673,0
SPE00330086,0.874619,-2.34841,0,0.035729,0.874619,0
SPE01502049,0.975303,-0.45646,0,0.653138,0.975303,0
SPE00330012,1.00687,0.143254,0,0.883524,1.00687,0
SPE00330022,1.05139,0.961943,0,0.347636,1.05139,0
SPE00330032,1.04926,0.915086,0,0.380892,1.04926,0
SPE00330042,1.0247,0.47494,0,0.635208,1.0247,0
SPE00330053,1.03651,0.701764,0,0.483816,1.03651,0
SPE00330063,0.990745,-0.192305,0,0.850264,0.990745,0
SPE00330076,0.907158,-1.75244,0,0.0869968,0.907158,0
SPE00330087,0.952448,-0.914097,0,0.362542,0.952448,0
SPE00330013,0.920621,-1.57678,0,0.218402,0.920621,0
SPE00330023,1.03018,0.587573,0,0.560992,1.03018,0
SPE00330033,1.07943,1.50033,0,0.139579,1.07943,0
SPE00330043,1.00197,0.0174406,0,0.806284,1.00197,0
SPE00330054,1.01947,0.354214,0,0.728888,1.01947,0
SPE00330064,0.984893,-0.279206,0,0.781336,0.984893,0
SPE00330077,0.974844,-0.462032,0,0.651656,0.974844,0
SPE00330089,0.980054,-0.382792,0,0.701996,0.980054,0
SPE00330014,1.02703,0.515079,0,0.606502,1.02703,0
SPE00330024,1.03154,0.610472,0,0.54393,1.03154,0
SPE00330034,1.02847,0.545305,0,0.5857,1.02847,0
SPE00330044,1.01231,0.233226,0,0.815616,1.01231,0
SPE00330055,0.996684,-0.0641912,0,0.948822,0.996684,0
SPE00330065,0.994726,-0.0916623,0,0.914,0.994726,0
SPE00330078,0.948188,-0.980822,0,0.328562,0.948188,0
SPE01405001,0.978754,-0.409682,0,0.68249,0.978754,0
SPE00330015,1.01883,0.311394,0,0.580882,1.01883,0
SPE00330025,1.01434,0.275115,0,0.783268,1.01434,0
SPE00330035,1.04023,0.77241,0,0.440764,1.04023,0
SPE00330045,1.00437,0.0905168,0,0.928158,1.00437,0
SPE00330056,0.742718,-4.92351,0,1.3461e-06,0.742718,0
SPE00330066,1.00423,0.0842348,0,0.932932,1.00423,0
SPE00330079,0.892698,-2.03617,0,0.0432822,0.892698,0
SPE01500839,0.994583,-0.0947068,0,0.917096,0.994583,0
SPE00330016,0.979915,-0.356593,0,0.734876,0.979915,0
SPE00330026,1.01052,0.195747,0,0.845082,1.01052,0
SPE00330036,1.03895,0.718547,0,0.491314,1.03895,0
SPE00330046,1.04332,0.765808,0,0.554098,1.04332,0
SPE00330057,1.02085,0.394477,0,0.693444,1.02085,0
SPE00330067,1.00785,0.142949,0,0.886708,1.00785,0
SPE00330080,0.915868,-1.60988,0,0.108199,0.915868,0
SPE01501159,1.00123,0.0376879,0,0.862552,1.00123,0
SPE00330017,0.975076,-0.465321,0,0.644154,0.975076,0
SPE00330027,0.981384,-0.317135,0,0.6611,0.981384,0
SPE00330037,0.97371,-0.503924,0,0.614488,0.97371,0
SPE00330047,1.0303,0.572968,0,0.567326,1.0303,0
SPE00330058,1.05469,0.985558,0,0.433174,1.05469,0
SPE00330070,1.04445,0.834414,0,0.410206,1.04445,0
SPE01503938,0.990863,-0.163817,0,0.870912,0.990863,0
SPE01505251,0.965111,-0.617188,0,0.602002,0.965111,0
SPE00330018,0.971029,-0.528909,0,0.611686,0.971029,0
SPE00330028,0.99529,-0.0768905,0,0.87539,0.99529,0
SPE00330038,1.03852,0.687751,0,0.557234,1.03852,0
SPE00330048,1.01047,0.173958,0,0.757132,1.01047,0
SPE00330059,1.00959,0.199797,0,0.841024,1.00959,0
SPE00330082,1.00483,0.0785918,0,0.869522,1.00483,0
SPE01502035,0.199805,-15.3418,0,0,0.199805,0
SPE01601020,0.986776,-0.236317,0,0.816574,0.986776,0
